
kMeans
======

Number of iterations: 8
Within cluster sum of squared errors: 814.879055882926

Cluster centroids:
                         Cluster#
Attribute    Full Data          0          1          2          3          4          5          6          7          8          9
                 (446)        (3)        (8)      (100)       (37)      (210)        (1)       (33)       (13)        (8)       (33)
====================================================================================================================================
type0           0.0229          0     0.0263     0.0417     0.0037     0.0155          0     0.0083     0.0951       0.08     0.0083
type1           0.0566     0.2107      0.108     0.0282     0.0466     0.0804          0      0.003     0.0165     0.0596     0.0462
type2           0.0014          0     0.0007     0.0002     0.0079     0.0009          0     0.0018          0          0     0.0017
type3           0.0096      0.005     0.0068     0.0083     0.0506     0.0043     0.0009     0.0048     0.0121     0.0007     0.0087
type4            0.007     0.0017     0.0052     0.0019     0.0197     0.0057          0     0.0035     0.0049     0.0003     0.0237
type5             0.03     0.0592      0.023     0.0061     0.0984     0.0209          0      0.049          0          0     0.0834
type6           0.0436      0.038     0.1781     0.0238     0.0158     0.0574          0     0.0169     0.0099     0.1316      0.035
type7           0.0342     0.0356     0.0333     0.0658      0.016     0.0235          0     0.0212     0.0835     0.0588     0.0158
type8           0.0075          0     0.0003     0.0063     0.0254     0.0044     0.0007     0.0131     0.0035     0.0019     0.0102
type9            0.013          0          0     0.0051     0.0062     0.0238          0     0.0012          0          0     0.0007
type10          0.0226          0     0.0041     0.0062     0.0279     0.0378          0     0.0122     0.0026          0     0.0004
type11          0.0105     0.0014     0.0049     0.0026     0.0281     0.0104          0     0.0106      0.005     0.0012     0.0216
type12          0.0004          0          0     0.0003     0.0002     0.0004          0     0.0024          0          0     0.0001
type13          0.0074     0.0016      0.003      0.006     0.0357     0.0024     0.0009     0.0143     0.0006          0     0.0105
type14          0.0266     0.0442     0.0336     0.0059     0.0134     0.0065          0     0.2465     0.0008          0      0.026
type15          0.0205     0.0437     0.0215     0.0124      0.036     0.0163          0      0.063     0.0007          0     0.0223
type16          0.0226          0     0.0034     0.0061     0.0161     0.0091          0     0.1686     0.0044          0     0.0405
type17          0.0067     0.0497     0.0085     0.0015      0.042     0.0032          0       0.01          0          0     0.0025
type18          0.0072          0          0          0          0     0.0015          0     0.0796          0          0     0.0081
type19          0.0073          0     0.0212     0.0056     0.0021     0.0055          0     0.0038      0.043     0.0505      0.006
type20           0.002     0.0009     0.0002     0.0029     0.0003     0.0008          0     0.0005     0.0301          0          0
type21          0.0007          0          0          0          0     0.0014          0          0          0     0.0009          0
type22          0.0085          0          0     0.0057     0.0013      0.015          0          0     0.0035          0          0
type23          0.0002          0          0     0.0005          0     0.0001          0     0.0002     0.0004     0.0003          0
type24          0.0003          0          0     0.0005     0.0001     0.0004          0     0.0002     0.0009     0.0006          0
type25          0.0749     0.0007     0.0387     0.2292     0.0445     0.0348     0.0083     0.0202     0.0174     0.0161     0.0054
type26          0.0093          0          0     0.0079     0.0086      0.012          0      0.004     0.0018          0     0.0107
type27          0.0005          0          0          0     0.0014     0.0001          0     0.0031          0     0.0001      0.001
type28           0.011     0.0046     0.0063     0.0131     0.0099     0.0068          0     0.0017     0.1256     0.0025     0.0004
type29           0.001     0.0012     0.0003     0.0008     0.0041     0.0007          0     0.0003     0.0015     0.0002     0.0007
type30          0.0018          0     0.0003     0.0006     0.0009     0.0031          0          0     0.0005          0     0.0022
type31          0.0004          0     0.0006          0     0.0008     0.0007          0          0          0     0.0007     0.0001
type32          0.0015          0     0.0017      0.001     0.0001     0.0022          0          0     0.0032     0.0026     0.0014
type33           0.001          0     0.0006      0.001     0.0019     0.0008          0          0     0.0038     0.0024     0.0006
type34          0.0001          0          0          0          0     0.0002          0          0          0          0          0
type35          0.0768          0     0.0222     0.0645     0.0047      0.124          0     0.0129     0.0059     0.0713     0.0105
type36               0          0          0          0     0.0002          0          0          0          0          0          0
type37          0.0017          0     0.0001     0.0017     0.0035     0.0017          0     0.0006     0.0056          0     0.0003
type38          0.0038          0     0.0008     0.0014     0.0014     0.0065          0          0     0.0007          0     0.0042
type39          0.0014          0     0.0022     0.0007     0.0028     0.0015          0          0          0     0.0014     0.0033
type40          0.0092          0     0.0002     0.0103     0.0017      0.013     0.0044     0.0014     0.0003     0.0132     0.0038
type41          0.0053     0.0929     0.0039     0.0026     0.0082     0.0055          0     0.0003     0.0009     0.0003     0.0094
type42               0          0          0          0          0          0          0          0          0          0          0
type43           0.016     0.0018     0.0067     0.0159     0.0462     0.0118          0     0.0061     0.0553     0.0051       0.01
type44          0.0013          0          0          0          0     0.0027          0          0          0          0          0
type45          0.0013          0     0.0009     0.0013     0.0009     0.0008          0     0.0007     0.0085          0     0.0028
type46               0          0          0          0     0.0001          0          0          0          0          0     0.0001
type47          0.0001          0     0.0001          0     0.0001          0          0          0     0.0001          0     0.0003
type48          0.0023     0.0026          0     0.0006     0.0001     0.0041          0          0     0.0011     0.0079     0.0007
type49          0.0002          0          0     0.0002     0.0006     0.0002          0          0     0.0004          0     0.0005
type50          0.0004          0     0.0019     0.0004     0.0005     0.0003          0          0     0.0027     0.0004          0
type51          0.0041          0     0.0101     0.0017     0.0015     0.0063          0          0     0.0003          0     0.0056
type52          0.0174     0.0176      0.021      0.016     0.0416     0.0157     0.0048     0.0104     0.0196     0.0213     0.0097
type53          0.0015          0          0     0.0005          0     0.0018          0          0          0     0.0242     0.0014
type54          0.0001          0          0          0          0     0.0001          0          0          0     0.0011          0
type55          0.0014     0.0021          0     0.0001          0     0.0026          0          0      0.001     0.0052     0.0001
type56          0.0005          0          0     0.0002     0.0005     0.0009          0          0          0          0          0
type57          0.0011          0          0     0.0006          0      0.002          0          0          0     0.0002     0.0005
type58          0.0014      0.001          0     0.0018     0.0042     0.0008          0     0.0019     0.0009          0      0.001
type59          0.0048          0     0.0014      0.007     0.0053     0.0048          0     0.0038     0.0018          0     0.0018
type60          0.0002          0     0.0001     0.0005          0     0.0001          0     0.0001          0          0          0
type61          0.0039          0          0          0          0     0.0081          0          0          0          0     0.0008
type62          0.0019     0.0016     0.0001     0.0049     0.0004     0.0007          0     0.0009     0.0117          0          0
type63          0.0326          0     0.0142      0.024      0.006     0.0528          0     0.0104     0.0001     0.0417     0.0014
type64          0.0013          0          0     0.0006          0     0.0011          0          0          0     0.0272     0.0021
type65          0.0009     0.0017          0     0.0009     0.0009      0.001          0     0.0007     0.0003          0     0.0013
type66          0.0022     0.0002     0.0004     0.0006     0.0046     0.0015          0     0.0004     0.0015          0     0.0117
type67           0.007          0     0.0014      0.009     0.0025     0.0079          0     0.0042     0.0218          0     0.0006
type68          0.0003          0          0          0     0.0001     0.0004          0     0.0008     0.0007          0          0
type69          0.0011          0     0.0031     0.0008     0.0013     0.0015          0     0.0004          0     0.0012     0.0002
type70               0          0          0          0          0          0          0          0          0     0.0003          0
type71          0.0021     0.0018     0.0004     0.0031     0.0035      0.002          0     0.0026     0.0003     0.0009          0
type72          0.0382     0.0092     0.0336     0.0813     0.0249     0.0278          0     0.0266     0.0214     0.0056     0.0191
type73          0.0028          0     0.0004     0.0014      0.005     0.0038          0     0.0013     0.0003     0.0013     0.0021
type74          0.0012     0.0025          0     0.0005     0.0002     0.0022          0          0     0.0001          0     0.0003
type75            0.01          0     0.0018     0.0104     0.0162     0.0073          0     0.0065     0.0131      0.001     0.0261
type76          0.0158     0.0067     0.0226     0.0406     0.0071     0.0073          0     0.0074     0.0168     0.0263       0.01
type77          0.0278     0.0871     0.0169     0.0032     0.0122     0.0046          0     0.0355          0          0     0.2754
type78          0.0037          0          0     0.0036     0.0101     0.0024          0          0     0.0162          0      0.007
type79          0.0125     0.0008     0.0022     0.0132      0.016       0.01          0     0.0049     0.0942     0.0007     0.0043
type80          0.0012          0          0     0.0002     0.0025     0.0013          0          0          0          0     0.0044
type81          0.0058          0     0.0122     0.0024     0.0018     0.0082          0     0.0012     0.0001     0.0221     0.0082
type82          0.0002          0          0     0.0003     0.0001     0.0003          0          0          0          0          0
type83          0.0274     0.0499      0.005     0.0144     0.0123     0.0403          0     0.0067     0.0273     0.0901     0.0118
type84          0.0022          0     0.0002     0.0012     0.0022     0.0024          0     0.0052     0.0059          0          0
type85               0          0          0     0.0001     0.0001          0          0          0          0          0          0
type86          0.0008          0     0.0023     0.0005     0.0014     0.0009          0          0          0          0      0.001
type87          0.0015          0          0     0.0003          0     0.0029          0          0          0          0     0.0001
type88          0.0002          0          0     0.0004     0.0005     0.0002          0          0     0.0003          0          0
type89               0          0     0.0001          0     0.0001          0          0          0          0     0.0001          0
type90          0.0007          0     0.0021     0.0001     0.0002      0.001          0          0          0     0.0059     0.0001
type91          0.0003          0     0.0005     0.0001          0     0.0004          0          0          0     0.0028          0
type92          0.0086     0.0516     0.2273     0.0021     0.0007     0.0053          0      0.003     0.0069          0     0.0101
type93          0.0015          0     0.0078     0.0007     0.0004     0.0003          0      0.001          0      0.055          0
type94          0.0001          0          0          0          0     0.0001          0          0          0     0.0009          0
type95          0.0064     0.0309          0     0.0041     0.0013     0.0104          0      0.001     0.0055     0.0009          0
type96               0          0          0     0.0001          0          0          0          0          0          0          0
type97          0.0003     0.0005      0.001     0.0001     0.0006     0.0003          0     0.0003     0.0019     0.0001     0.0001
type98          0.0029          0          0     0.0042     0.0016     0.0021          0     0.0023     0.0213          0          0
type99          0.0004          0          0     0.0003      0.004          0          0          0          0          0          0
type100         0.0007     0.0003     0.0002     0.0016     0.0005     0.0004     0.0006     0.0001     0.0047          0          0
type101         0.0003          0          0     0.0002          0     0.0005          0          0          0          0          0
type102          0.001          0     0.0014     0.0016     0.0019     0.0007          0     0.0003     0.0041          0          0
type103         0.0003          0     0.0004          0          0          0          0          0          0          0     0.0038
type104              0          0     0.0001          0          0          0          0          0          0          0          0
type105              0          0     0.0001          0     0.0002          0          0          0          0          0          0
type106         0.0001          0     0.0001     0.0001     0.0002          0          0          0     0.0001          0          0
type107         0.0009          0     0.0001     0.0017     0.0007     0.0008          0     0.0001     0.0005     0.0001     0.0002
type108         0.0001          0     0.0001          0          0          0          0          0     0.0009     0.0005     0.0001
type109         0.0045          0     0.0013     0.0166     0.0005     0.0011          0          0     0.0069          0     0.0006
type110         0.0011          0          0     0.0011          0     0.0018     0.0095          0          0          0          0
type111              0          0          0          0          0          0     0.0009          0          0          0          0
type112         0.0011          0          0          0          0     0.0017          0          0          0     0.0142          0
type113         0.0006          0          0          0          0     0.0009          0          0          0     0.0093          0
type114         0.0069          0          0      0.026     0.0002     0.0015          0     0.0032     0.0025     0.0001     0.0001
type115          0.002          0          0     0.0003          0     0.0029          0     0.0001          0     0.0261     0.0007
type116         0.0001          0     0.0006          0     0.0001          0          0     0.0001          0          0          0
type117         0.0009     0.0044     0.0037     0.0001          0     0.0017          0          0          0          0          0
type118         0.0002          0          0     0.0001          0     0.0002          0     0.0009          0          0     0.0004
type119         0.0002          0     0.0012     0.0004     0.0002     0.0002          0          0     0.0001          0          0
type120         0.0011          0          0     0.0005     0.0098     0.0004          0          0          0          0          0
type121         0.0001          0          0          0          0     0.0001          0          0          0     0.0015          0
type122         0.0006          0          0          0          0     0.0006          0          0          0     0.0183          0
type123              0          0          0          0          0          0          0          0          0          0          0
type124         0.0007          0          0     0.0003     0.0001     0.0012          0          0          0          0          0
type125         0.0005          0          0          0          0     0.0008          0          0          0     0.0015     0.0007
type126         0.0001          0          0          0     0.0003          0          0     0.0001          0          0          0
type127         0.0003          0          0          0          0     0.0004          0     0.0001          0          0     0.0004
type128         0.0017          0          0     0.0002          0     0.0035          0          0          0          0          0
type129         0.0009          0     0.0023     0.0015     0.0015     0.0004          0          0     0.0063          0     0.0004
type130         0.0018          0          0     0.0006     0.0009     0.0029          0      0.001          0          0     0.0009
type131         0.0002          0     0.0007     0.0001     0.0015          0          0     0.0002     0.0003          0          0
type132         0.0002          0          0          0     0.0005     0.0001          0     0.0007          0          0     0.0012
type133         0.0002          0          0     0.0004     0.0001     0.0002          0          0     0.0001          0          0
type134          0.009          0     0.0057     0.0018     0.0408     0.0077          0       0.01     0.0022          0     0.0089
type135         0.0033     0.0318     0.0021     0.0034     0.0069     0.0022          0     0.0006     0.0016     0.0003     0.0074
type136         0.0016          0          0     0.0046          0     0.0011          0     0.0008          0          0          0
type137         0.0006          0          0     0.0001          0     0.0011          0          0          0     0.0009          0
type138         0.0016     0.0017          0     0.0008          0      0.003          0          0          0     0.0027          0
type139         0.0015          0          0     0.0016          0     0.0023     0.0035          0          0     0.0004          0
type140         0.0003          0          0          0          0     0.0007          0     0.0001          0          0          0
type141         0.0009          0          0     0.0007     0.0008     0.0008          0          0     0.0023          0     0.0031
type142         0.0039          0          0     0.0109     0.0035     0.0015          0          0     0.0123     0.0093          0
type143         0.0023          0          0     0.0021     0.0002     0.0039          0          0          0     0.0001          0
type144              0          0          0          0          0     0.0001          0          0          0          0          0
type145         0.0034          0     0.0006     0.0036     0.0059     0.0024          0     0.0006     0.0315          0          0
type146         0.0003          0          0          0     0.0009     0.0004          0     0.0001     0.0001          0     0.0003
type147         0.0001          0          0          0     0.0003          0          0          0          0          0     0.0013
type148         0.0005          0          0     0.0002      0.003     0.0003          0          0          0          0     0.0003
type149         0.0005          0     0.0001      0.001     0.0009     0.0004     0.0007     0.0006          0          0     0.0003
type150         0.0012          0          0     0.0021      0.001     0.0013          0          0          0     0.0013          0
type151         0.0001          0          0     0.0002          0     0.0001          0          0          0          0          0
type152              0          0          0          0          0     0.0001          0          0          0          0          0
type153         0.0006          0          0     0.0001          0      0.001          0          0          0     0.0084          0
type154         0.0001          0          0          0          0     0.0003          0          0          0          0          0
type155              0          0          0          0          0     0.0001          0          0          0          0          0
type156         0.0004          0          0     0.0001     0.0002     0.0005          0     0.0003          0     0.0031          0
type157         0.0001      0.001          0          0          0     0.0002          0          0          0          0          0
type158              0          0          0          0          0          0          0          0          0          0          0
type159         0.0001          0          0     0.0001     0.0001     0.0002          0          0          0          0          0
type160         0.0012          0          0     0.0014          0     0.0012          0     0.0011          0          0      0.003
type161         0.0001          0          0     0.0001          0     0.0001          0          0     0.0001          0          0
type162         0.0001          0          0          0          0          0          0          0     0.0013     0.0001          0
type163         0.0003          0          0     0.0007          0     0.0002          0     0.0004          0     0.0001          0
type164              0          0          0          0          0     0.0001          0          0          0          0          0
type165              0          0          0          0          0          0          0          0          0          0          0
type166         0.0001          0          0          0     0.0001     0.0001          0          0          0     0.0001          0
type167         0.0004          0          0     0.0005     0.0002     0.0004          0          0     0.0006     0.0012     0.0012
type168         0.0003          0          0     0.0004          0     0.0004          0          0          0          0          0
type169         0.0002          0     0.0002     0.0006     0.0002          0          0          0     0.0001          0     0.0001
type170         0.0005          0          0     0.0007     0.0007     0.0003          0     0.0005     0.0003     0.0033          0
type171         0.0012          0     0.0016          0          0     0.0016          0     0.0001          0          0     0.0047
type172         0.0006          0     0.0001     0.0016          0     0.0005          0          0          0     0.0009     0.0001
type173          0.001          0          0     0.0015     0.0015     0.0007          0     0.0001     0.0072          0          0
type174         0.0001          0          0     0.0001          0          0          0     0.0001          0          0     0.0001
type175              0          0          0          0          0          0          0     0.0001          0          0          0
type176         0.0002          0          0     0.0002          0     0.0001          0     0.0004          0          0     0.0003
type177         0.0032          0     0.0009     0.0007     0.0031     0.0039          0     0.0038          0          0     0.0087
type178              0          0          0          0          0          0          0          0          0          0          0
type179         0.0005          0     0.0001     0.0002     0.0003     0.0007          0          0          0     0.0013     0.0012
type180              0          0          0     0.0002          0          0          0          0          0          0          0
type181         0.0003          0          0     0.0001     0.0001     0.0004          0          0     0.0019          0          0
type182         0.0001          0     0.0001     0.0001          0     0.0001          0          0          0          0     0.0001
type183         0.0066          0      0.001     0.0053      0.004     0.0093          0     0.0014     0.0027     0.0009     0.0062
type184         0.0026          0     0.0007     0.0007     0.0101     0.0023          0     0.0028          0          0     0.0042
type185              0          0          0     0.0001          0          0          0          0          0          0          0
type186              0          0          0          0          0          0          0     0.0001          0          0          0
type187         0.0004          0          0          0     0.0045     0.0001          0          0          0          0          0
type188         0.0003          0          0          0     0.0001     0.0005          0          0          0          0          0
type189         0.0003          0          0          0          0     0.0005          0          0          0     0.0005          0
type190         0.0036          0          0     0.0019          0     0.0021     0.9648          0          0          0          0
type191              0          0          0     0.0001          0          0          0          0          0          0          0
type192         0.0003          0     0.0001     0.0006     0.0002     0.0003          0          0          0          0          0
type193         0.0004     0.0046          0     0.0004     0.0015     0.0003          0     0.0001     0.0001          0     0.0001
type194         0.0003      0.001          0     0.0003     0.0003     0.0002          0     0.0001     0.0001          0     0.0006
type195         0.0001          0          0     0.0001     0.0003     0.0001          0          0          0          0          0
type196         0.0002          0          0     0.0003     0.0005     0.0001          0     0.0001          0          0          0
type197         0.0008          0     0.0016     0.0004     0.0004     0.0011          0     0.0007          0     0.0044     0.0003
type198              0          0          0     0.0001     0.0002          0          0          0          0          0          0
type199         0.0002          0          0     0.0007          0          0          0          0          0          0          0
type200         0.0001          0     0.0002     0.0001     0.0002     0.0001          0          0          0          0          0
type201         0.0021          0     0.0006     0.0002     0.0074     0.0028          0     0.0001          0          0     0.0014
type202              0          0          0          0          0          0          0          0          0          0          0
type203              0          0          0          0          0          0          0          0          0          0          0
type204         0.0011          0          0     0.0002     0.0047      0.001          0     0.0005          0          0     0.0022
type205         0.0004          0     0.0005          0          0     0.0007          0     0.0001          0          0          0
type206              0          0          0          0          0          0          0          0          0          0          0
type207              0          0          0          0          0     0.0001          0          0          0          0          0
type208         0.0002          0          0     0.0006     0.0005          0          0          0          0          0     0.0001
type209         0.0008          0          0     0.0001     0.0028     0.0006          0     0.0008          0          0     0.0021
type210         0.0001          0          0          0          0     0.0001          0          0          0          0          0
type211         0.0004          0          0          0     0.0002     0.0008          0          0     0.0002          0          0
type212         0.0019     0.0014          0     0.0001     0.0055     0.0002          0          0     0.0189     0.0149      0.007
type213          0.002     0.0099          0          0          0     0.0038          0     0.0019          0          0     0.0004
type214         0.0002          0     0.0003     0.0004          0     0.0002          0     0.0002     0.0001          0          0
type215         0.0001          0     0.0002     0.0003          0          0          0     0.0001          0          0          0
type216              0          0          0     0.0002          0          0          0          0          0          0          0
type217         0.0092          0          0     0.0056     0.0011      0.015          0     0.0018     0.0121          0     0.0047
type218              0          0          0          0     0.0001          0          0          0          0          0          0
type219         0.0002          0          0     0.0001          0     0.0004          0          0          0     0.0003          0
type220         0.0002          0          0     0.0006          0          0          0          0     0.0038          0          0
type221              0          0          0          0          0          0          0          0          0          0          0
type222         0.0003          0          0     0.0002      0.001     0.0004          0     0.0004          0          0          0
type223         0.0005          0          0     0.0007     0.0014     0.0004          0          0     0.0002          0          0
type224         0.0001          0          0     0.0001     0.0004          0          0          0     0.0001          0          0
type225         0.0003          0          0     0.0001     0.0006     0.0005          0          0          0     0.0008          0
type226              0          0          0     0.0001          0          0          0          0          0          0          0
type227         0.0005          0     0.0046     0.0008     0.0002     0.0004          0          0     0.0007     0.0013          0
type228              0          0          0          0          0          0          0          0          0          0          0
type229         0.0001          0          0     0.0001          0          0          0          0     0.0004          0          0
type230              0          0          0          0          0     0.0001          0          0          0          0     0.0001
type231         0.0001          0          0     0.0002     0.0002          0          0          0          0          0          0
type232         0.0007          0          0     0.0002     0.0008     0.0008          0          0     0.0031          0     0.0012
type233              0          0          0     0.0001          0          0          0     0.0001          0          0          0
type234         0.0001          0          0          0          0     0.0001          0          0          0          0     0.0001
type235         0.0001          0          0          0     0.0009     0.0001          0          0          0          0          0
type236         0.0004          0          0     0.0008          0     0.0004          0          0          0          0          0
type237         0.0005          0          0     0.0012          0     0.0004          0     0.0001          0          0          0
type238         0.0003          0          0     0.0004          0     0.0004          0          0          0          0     0.0001
type239         0.0003          0          0          0          0     0.0006          0          0          0          0          0
type240              0          0          0          0          0          0          0          0          0          0          0
type241         0.0009          0          0     0.0001          0     0.0019          0     0.0003          0          0          0
type242         0.0004          0          0     0.0017          0          0          0          0     0.0002          0          0
type243         0.0001          0          0          0          0     0.0003          0          0          0          0          0
type244              0          0     0.0002          0          0     0.0001          0          0          0          0          0
type245         0.0003          0          0      0.001          0     0.0001          0     0.0001          0          0          0
type246         0.0013          0          0     0.0009     0.0053     0.0007          0          0     0.0108          0     0.0003
type247              0          0          0          0     0.0001          0          0          0     0.0001          0          0
type248         0.0008          0          0          0     0.0015     0.0007          0      0.004          0          0     0.0006
type249         0.0001     0.0088     0.0001     0.0001     0.0004          0          0          0          0          0          0
type250         0.0003          0          0     0.0012          0     0.0001          0          0          0          0          0
type251         0.0002          0          0     0.0002          0     0.0003          0          0          0          0          0
type252              0          0          0          0          0          0          0          0     0.0002          0          0
type253              0          0          0     0.0001          0          0          0          0          0          0          0
type254         0.0002          0     0.0002          0          0     0.0004          0          0          0          0          0
type255         0.0006     0.0048          0     0.0002     0.0017     0.0004          0          0          0          0     0.0025
type256         0.0006          0          0     0.0002          0     0.0009          0     0.0011          0          0     0.0003
type257         0.0002          0          0          0     0.0001     0.0004          0          0          0          0     0.0003
type258              0          0          0          0          0          0          0          0          0          0          0
type259         0.0004          0          0     0.0001     0.0022     0.0004          0          0          0          0          0
type260              0          0          0          0          0          0          0          0          0          0     0.0002
type261              0          0          0          0          0          0          0          0          0          0          0
type262         0.0001          0          0     0.0001          0          0          0          0     0.0019          0          0
type263         0.0005          0          0      0.001          0     0.0001          0          0     0.0077          0          0
type264         0.0001          0          0          0          0     0.0001          0          0     0.0001          0          0
type265         0.0002          0          0     0.0001     0.0002     0.0003          0          0     0.0001     0.0001          0
type266              0          0          0          0          0          0          0          0          0          0          0
type267         0.0001          0          0          0     0.0004     0.0001          0          0          0          0          0
type268              0          0          0          0          0          0          0          0          0          0          0
type269         0.0002          0          0          0          0     0.0003          0          0          0          0          0
type270              0          0          0     0.0002          0          0          0          0          0          0          0
type271         0.0002          0          0      0.001          0          0          0          0          0          0          0
type272              0          0          0          0          0          0          0          0          0          0          0
type273         0.0002          0          0          0          0          0          0          0          0          0     0.0028
type274         0.0049          0          0     0.0023     0.0017     0.0061          0     0.0069          0     0.0009     0.0119
type275              0          0          0          0          0          0          0          0          0     0.0001          0
type276              0     0.0008          0          0          0          0          0          0          0     0.0004          0
type277         0.0001          0          0     0.0001     0.0001     0.0002          0          0     0.0002     0.0002     0.0001
type278         0.0001          0          0          0          0     0.0002          0          0          0          0          0
type279         0.0004          0          0          0     0.0022     0.0004          0          0          0     0.0017     0.0003
type280              0          0          0          0          0          0          0          0          0          0          0
type281              0          0          0          0          0          0          0          0          0          0          0
type282              0          0          0     0.0001          0     0.0001          0          0          0          0          0
type283              0          0          0          0          0     0.0001          0          0          0          0          0
type284              0          0          0          0     0.0001          0          0          0          0          0          0
type285         0.0002          0          0          0          0     0.0005          0          0          0          0          0
type286         0.0017          0          0          0      0.006      0.002          0     0.0023          0          0     0.0016
type287         0.0001          0          0     0.0003          0          0          0          0          0          0          0
type288         0.0002          0          0          0          0     0.0004          0          0          0          0          0
type289         0.0003          0          0          0     0.0001     0.0006          0          0          0          0          0
type290         0.0005     0.0573          0          0     0.0004     0.0002          0          0          0          0          0
type291         0.0001          0          0     0.0002          0          0          0          0          0          0          0
type292              0          0          0          0          0          0          0          0          0          0     0.0001
type293              0          0          0          0          0          0          0          0          0          0          0
type294         0.0005          0          0     0.0006          0     0.0008          0          0          0          0          0
type295         0.0015          0          0     0.0068          0          0          0          0          0          0          0
type296              0          0          0     0.0001          0          0          0          0          0          0          0
type297              0          0          0          0          0     0.0001          0          0          0          0          0
type298              0          0          0     0.0002          0          0          0          0          0          0          0
type299         0.0012          0          0          0          0     0.0025          0          0          0          0          0
type300              0          0          0     0.0001          0          0          0          0          0          0          0
type301         0.0001          0          0     0.0002     0.0002     0.0001          0          0          0          0          0
type302         0.0005          0          0          0          0      0.001          0          0          0          0          0
type303         0.0001          0          0          0          0          0          0     0.0006          0          0          0
type304         0.0001          0          0     0.0002     0.0001          0          0          0          0          0          0
type305              0          0          0          0          0          0          0          0          0          0          0
type306              0          0          0          0     0.0002          0          0          0          0          0          0
type307         0.0001          0          0          0          0     0.0002          0          0          0          0          0
type308         0.0004          0          0          0          0     0.0002          0          0          0     0.0145          0
type309         0.0004     0.0083          0     0.0015          0          0          0          0          0          0          0
type310         0.0001          0          0          0     0.0008          0          0          0          0          0     0.0003
type311         0.0001          0          0     0.0001     0.0003          0          0          0          0          0          0
type312         0.0001          0          0          0          0          0          0     0.0001          0          0     0.0007
type313              0          0          0          0          0          0          0          0          0          0          0
type314         0.0019          0          0          0     0.0006     0.0039          0          0          0          0          0
type315              0          0          0          0          0          0          0          0          0          0          0
type316              0          0          0          0          0          0          0          0          0     0.0003          0
type317         0.0001          0          0          0     0.0001     0.0001          0          0          0     0.0002          0
type318         0.0001          0          0          0     0.0003          0          0     0.0002          0          0     0.0001
type319              0          0          0          0          0          0          0          0          0          0          0
type320              0          0          0          0          0          0          0          0          0          0          0
type321         0.0001          0          0          0          0     0.0002          0          0          0          0          0
type322         0.0001          0          0          0          0     0.0001          0          0          0          0          0
type323              0          0          0          0          0     0.0001          0          0          0          0          0
type324         0.0001          0          0          0          0     0.0002          0          0          0          0          0
type325         0.0003          0          0          0          0     0.0006          0          0          0          0          0
type326              0          0          0          0          0          0          0          0          0     0.0007          0
type327              0          0          0          0          0          0          0          0          0          0          0
type328         0.0001          0          0     0.0002     0.0005          0          0     0.0006          0          0          0
type329         0.0003          0          0          0     0.0006     0.0005          0          0      0.001          0          0
type330              0          0          0          0     0.0004          0          0          0          0          0          0
type331              0          0          0          0          0          0          0          0          0          0          0
type332         0.0001          0          0          0          0     0.0002          0          0          0     0.0001          0
type333              0          0          0          0          0          0          0          0          0     0.0006          0
type334         0.0004          0          0          0     0.0004     0.0006          0          0          0      0.004          0
type335              0          0          0          0          0          0          0          0          0          0          0
type336              0          0          0          0     0.0001          0          0          0          0          0          0
type337         0.0001          0     0.0007          0     0.0001     0.0002          0          0          0          0          0
type338         0.0005          0          0          0          0          0          0     0.0001          0          0     0.0061
type339         0.0044          0          0          0          0     0.0053          0     0.0106          0          0     0.0153
type340         0.0028          0          0     0.0001          0     0.0058          0          0          0          0          0
type341         0.0003          0          0          0          0     0.0005          0          0          0          0          0
type342         0.0002          0          0     0.0008          0     0.0001          0          0          0          0          0
type343              0          0          0          0          0          0          0          0          0          0          0
type344              0          0          0          0          0          0          0          0          0          0          0
type345              0          0          0          0     0.0003          0          0          0          0          0          0
type346         0.0004     0.0033     0.0037     0.0002          0     0.0003          0          0          0          0     0.0013
type347         0.0001          0          0     0.0001          0     0.0001          0          0          0          0          0
type348              0          0          0          0          0          0          0          0          0          0          0
type349              0          0          0          0          0          0          0          0          0          0          0
type350              0          0          0          0          0          0          0          0          0          0          0
type351              0          0          0     0.0001          0          0          0          0          0          0          0
type352              0          0          0          0          0          0          0          0          0          0          0
type353              0          0          0          0          0          0          0          0          0          0          0
type354              0          0          0     0.0001          0          0          0          0          0          0          0
type355              0          0          0     0.0001          0          0          0          0          0          0     0.0001
type356              0          0          0          0          0          0          0          0     0.0007          0          0
type357              0          0          0          0          0          0          0     0.0002          0          0          0
type358         0.0001          0          0          0          0     0.0001          0     0.0006          0          0          0
type359              0          0          0          0          0     0.0001          0          0          0          0     0.0001
type360         0.0016          0          0          0          0     0.0014          0     0.0074          0          0     0.0046
type361         0.0002          0          0          0          0     0.0005          0          0          0          0          0
type362         0.0006          0          0          0          0     0.0012          0          0          0     0.0005          0
type363              0          0          0          0          0     0.0001          0          0          0          0          0
type364              0          0          0          0          0          0          0          0          0          0          0
type365              0          0          0          0          0          0          0          0          0          0          0
type366              0          0          0          0          0          0          0          0          0          0          0
type367         0.0001          0          0          0          0     0.0001          0          0          0          0          0
type368              0          0          0          0     0.0001          0          0          0     0.0002          0          0
type369              0          0          0          0          0     0.0001          0          0          0          0          0
type370              0          0     0.0003          0          0          0          0          0          0          0          0
type371         0.0002          0          0          0          0     0.0005          0          0          0          0          0
type372              0          0          0          0          0          0          0          0          0          0          0
type373              0          0          0          0          0     0.0001          0          0          0          0          0
type374              0          0     0.0002          0     0.0001          0          0          0          0          0     0.0001
type375              0          0     0.0001          0          0          0          0          0          0          0          0
type376              0          0          0          0          0          0          0          0          0          0          0
type377              0          0          0          0          0     0.0001          0          0          0          0          0
type378              0          0          0          0          0          0          0          0          0          0          0
type379              0          0          0          0          0          0          0          0          0     0.0001          0
type380              0          0          0          0          0          0          0          0          0          0          0
type381              0          0          0          0          0     0.0001          0          0          0          0          0
type382              0          0          0          0          0          0          0          0          0          0          0
type383              0          0          0     0.0001          0          0          0          0          0          0          0
type384              0          0          0          0          0          0          0          0          0          0          0
type385         0.0001          0          0          0          0     0.0002          0          0          0          0          0
type386         0.0001          0          0     0.0001     0.0007          0          0          0          0          0          0
type387         0.0002          0          0     0.0001     0.0004          0          0          0          0          0     0.0014
type388         0.0001          0          0          0          0          0          0          0          0          0      0.002
type389              0          0          0          0          0          0          0          0          0          0          0
type390              0          0          0          0          0          0          0          0          0          0          0
type391              0          0          0          0          0          0          0          0          0          0          0
type392              0          0          0          0          0          0          0          0          0          0          0
type393         0.0005          0          0          0          0          0          0          0          0          0      0.006
type394              0          0          0          0          0          0          0          0          0          0     0.0004
type395              0          0          0          0          0          0          0          0          0          0          0
type396              0          0          0          0          0          0          0          0          0          0          0
type397         0.0002          0          0          0          0     0.0004          0          0          0          0          0
type398              0          0          0          0          0          0          0          0          0          0          0
type399              0          0          0          0          0          0          0          0          0          0          0
type400              0          0          0          0          0          0          0     0.0001          0          0          0
type401              0          0          0          0          0          0          0          0          0          0          0
type402              0          0          0          0          0          0          0          0          0          0          0
type403              0          0          0          0          0     0.0001          0          0     0.0002          0          0
type404              0          0          0          0          0          0          0          0          0          0          0
type405         0.0001          0          0     0.0003          0          0          0          0          0          0     0.0001
type406         0.0003          0          0          0          0     0.0007          0          0          0          0          0
type407              0          0          0          0          0          0          0          0     0.0001          0          0
type408              0          0          0          0          0          0          0     0.0002          0          0          0
type409              0          0          0          0          0          0          0          0          0     0.0001          0
type410              0          0     0.0001          0          0          0          0          0          0          0          0
type411              0          0          0          0          0          0          0     0.0003          0          0          0
type412              0          0          0          0          0          0          0          0          0          0          0
type413              0          0          0          0          0          0          0          0          0          0          0
type414              0          0          0          0     0.0001     0.0001          0          0          0          0          0
type415              0          0          0          0          0          0          0          0          0          0          0
type416              0          0          0          0          0     0.0001          0          0          0          0          0
type417              0          0          0          0          0          0          0          0          0          0          0
type418              0          0          0          0          0     0.0001          0          0          0          0          0
type419         0.0001          0          0          0          0     0.0002          0          0          0          0          0
type420         0.0002          0          0     0.0008          0          0          0          0          0          0          0
type421         0.0001          0          0          0          0     0.0003          0          0          0          0          0
type422              0          0     0.0028          0          0          0          0          0          0          0          0
type423              0          0     0.0003          0          0          0          0          0          0          0          0
type424              0          0          0          0          0          0          0          0          0          0          0
type425              0          0          0          0          0          0          0     0.0004          0          0          0
type426              0          0          0     0.0001          0          0          0          0          0          0          0
type427              0          0          0          0          0          0          0          0          0          0     0.0006
type428              0          0          0          0          0          0          0          0     0.0017          0          0
type429              0          0          0          0          0          0          0          0          0          0          0
type430              0          0          0          0          0          0          0     0.0002          0          0          0
type431         0.0001          0          0          0          0     0.0003          0          0          0          0          0
type432              0          0          0          0          0          0          0          0          0          0          0
type433              0          0          0          0          0          0          0          0          0          0          0
type434              0          0          0          0          0          0          0          0          0          0          0
type435              0          0          0          0          0          0          0          0          0          0          0
type436              0          0          0          0          0          0          0          0          0          0          0
type437              0          0          0          0          0          0          0          0          0          0          0
type438              0          0          0          0          0          0          0          0          0          0          0
type439              0          0          0          0          0          0          0          0          0          0          0
type440              0          0          0          0          0          0          0          0          0          0          0
type441              0          0          0          0          0          0          0          0          0          0          0
type442              0          0          0          0          0          0          0          0          0          0          0
type443              0          0          0          0          0          0          0          0          0          0          0
type444              0          0          0          0          0          0          0          0          0          0          0
type445              0          0          0          0          0          0          0          0          0          0          0
type446              0          0          0          0          0          0          0          0          0          0          0
type447              0          0          0          0          0          0          0          0          0          0          0
type448              0          0          0          0          0          0          0          0          0          0          0
type449              0          0          0          0          0          0          0          0          0          0          0
type450              0          0          0          0          0          0          0          0          0          0          0
type451              0          0          0          0          0          0          0          0          0          0          0
type452              0          0          0          0          0          0          0          0          0          0          0
type453              0          0          0          0          0          0          0          0          0          0          0
type454              0          0          0          0          0          0          0          0          0          0          0
type455              0          0          0          0          0          0          0          0          0          0          0
type456              0          0          0          0          0          0          0          0          0          0          0
type457              0          0          0          0          0          0          0          0          0          0          0
type458              0          0          0          0          0          0          0          0          0          0          0
type459              0          0          0          0          0          0          0          0          0          0          0
type460              0          0          0          0          0          0          0          0          0          0          0
type461              0          0          0          0          0          0          0          0          0          0          0
type462              0          0          0          0          0          0          0          0          0          0          0
type463              0          0          0          0          0          0          0          0          0          0          0
type464              0          0          0          0          0          0          0          0          0          0          0
type465              0          0          0          0          0          0          0          0          0          0          0
type466              0          0          0          0          0          0          0          0          0          0          0
type467              0          0          0          0          0          0          0          0          0          0          0
type468              0          0          0          0          0          0          0          0          0          0          0
type469              0          0          0          0          0          0          0          0          0          0          0
type470              0          0          0          0          0          0          0          0          0          0          0
type471              0          0          0          0          0          0          0          0          0          0          0
type472              0          0          0          0          0          0          0          0          0          0          0
type473              0          0          0          0          0          0          0          0          0          0          0
type474              0          0          0          0          0          0          0          0          0          0          0
type475              0          0          0          0          0          0          0          0          0          0          0
type476              0          0          0          0          0          0          0          0          0          0          0
type477              0          0          0          0          0          0          0          0          0          0          0
type478              0          0          0          0          0          0          0          0          0          0          0
type479              0          0          0          0          0          0          0          0          0          0          0
type480              0          0          0          0          0          0          0          0          0          0          0
type481              0          0          0          0          0          0          0          0          0          0          0
type482              0          0          0          0          0          0          0          0          0          0          0
type483              0          0          0          0          0          0          0          0          0          0          0
type484              0          0          0          0          0          0          0          0          0          0          0
type485              0          0          0          0          0          0          0          0          0          0          0
type486              0          0          0          0          0          0          0          0          0          0          0
type487              0          0          0          0          0          0          0          0          0          0          0
type488              0          0          0          0          0          0          0          0          0          0          0
type489              0          0          0          0          0          0          0          0          0          0          0
type490              0          0          0          0          0          0          0          0          0          0          0
type491              0          0          0          0          0          0          0          0          0          0          0
type492              0          0          0          0          0          0          0          0          0          0          0
type493              0          0          0          0          0          0          0          0          0          0          0
type494              0          0          0          0          0          0          0          0          0          0          0
type495              0          0          0          0          0          0          0          0          0          0          0
type496              0          0          0          0          0          0          0          0          0          0          0
type497              0          0          0          0          0          0          0          0          0          0          0
type498              0          0          0          0          0          0          0          0          0          0          0
type499              0          0          0          0          0          0          0          0          0          0          0
type500              0          0          0          0          0          0          0          0          0          0          0
type501              0          0          0          0          0          0          0          0          0          0          0
type502              0          0          0          0          0          0          0          0          0          0          0
type503              0          0          0          0          0          0          0          0          0          0          0
type504              0          0          0          0          0          0          0          0          0          0          0
type505              0          0          0          0          0          0          0          0          0          0          0
type506              0          0          0          0          0          0          0          0          0          0          0
type507              0          0          0          0          0          0          0          0          0          0          0
type508              0          0          0          0          0          0          0          0          0          0          0
type509              0          0          0          0          0          0          0          0          0          0          0
type510              0          0          0          0          0          0          0          0          0          0          0
type511              0          0          0          0          0          0          0          0          0          0          0
type512              0          0          0          0          0          0          0          0          0          0          0
type513              0          0          0          0          0          0          0          0          0          0          0
type514              0          0          0          0          0          0          0          0          0          0          0
type515              0          0          0          0          0          0          0          0          0          0          0
type516              0          0          0          0          0          0          0          0          0          0          0
type517              0          0          0          0          0          0          0          0          0          0          0


Clustered Instances

 0        3 (  1%)
 1        8 (  2%)
 2      100 ( 22%)
 3       37 (  8%)
 4      210 ( 47%)
 5        1 (  0%)
 6       33 (  7%)
 7       13 (  3%)
 8        8 (  2%)
 9       33 (  7%)
