
EM
==

Number of clusters selected by cross validation: 7


            Cluster
Attribute         0       1       2       3       4       5       6
             (0.14)  (0.11)  (0.14)  (0.13)  (0.08)  (0.26)  (0.13)
====================================================================
type0
  mean        0.0002       0  0.0002       0       0       0       0
  std. dev.   0.0035  0.0003  0.0021  0.0007  0.0015  0.0015  0.0015

type1
  mean        0.0191  0.0127  0.0029  0.0117  0.0154  0.0019  0.0013
  std. dev.   0.0582  0.0542  0.0154  0.0385   0.045  0.0095  0.0091

type2
  mean             0  0.0004       0       0       0       0       0
  std. dev.    0.003  0.0074   0.003   0.003   0.003   0.003   0.003

type3
  mean        0.0041  0.0034  0.0016  0.0022   0.002  0.0005  0.0003
  std. dev.   0.0218  0.0227  0.0157  0.0119  0.0108  0.0044   0.003

type4
  mean        0.0077  0.0246  0.0121  0.0056  0.0117  0.0001  0.0018
  std. dev.   0.0397  0.1277  0.0768  0.0336  0.0691  0.0012  0.0132

type5
  mean        0.0433  0.1639  0.0741  0.0439  0.0532  0.0478  0.2788
  std. dev.   0.0978  0.2489  0.1841  0.1165  0.1221  0.1271  0.3478

type6
  mean        0.0002       0       0       0       0       0       0
  std. dev.   0.0041  0.0016  0.0001  0.0002  0.0002  0.0016  0.0003

type7
  mean        0.0014  0.0018  0.0005  0.0005   0.001  0.0007  0.0009
  std. dev.   0.0068  0.0105  0.0044  0.0021  0.0038  0.0049  0.0106

type8
  mean        0.0028  0.0016  0.0001  0.0009  0.0003  0.0001       0
  std. dev.   0.0125  0.0124  0.0007  0.0042  0.0013  0.0008  0.0003

type9
  mean        0.0124  0.0072  0.0034  0.0261  0.0108   0.003  0.0046
  std. dev.   0.0349   0.029  0.0175  0.1012  0.0343  0.0116  0.0202

type10
  mean        0.0023  0.0024  0.0004  0.0004  0.0008  0.0002  0.0004
  std. dev.   0.0208  0.0122  0.0061  0.0028  0.0042  0.0013  0.0033

type11
  mean        0.0011  0.0005  0.0001  0.0002  0.0008   0.001       0
  std. dev.   0.0098  0.0039  0.0007  0.0014  0.0043  0.0105  0.0002

type12
  mean        0.0013  0.0003       0  0.0002  0.0011  0.0001       0
  std. dev.   0.0107  0.0019  0.0001  0.0012  0.0051  0.0009  0.0045

type13
  mean        0.0015  0.0005       0  0.0004   0.001  0.0001       0
  std. dev.   0.0098  0.0045  0.0004  0.0017   0.005  0.0006  0.0045

type14
  mean        0.0005  0.0001       0  0.0001  0.0001  0.0001  0.0001
  std. dev.   0.0046  0.0008  0.0003  0.0013  0.0008   0.001  0.0014

type15
  mean        0.0001  0.0002       0       0  0.0003       0       0
  std. dev.   0.0012  0.0018  0.0003  0.0002  0.0016  0.0002  0.0008

type16
  mean        0.0006  0.0001       0  0.0005  0.0002       0       0
  std. dev.   0.0037  0.0011       0  0.0039  0.0012       0  0.0001

type17
  mean        0.0012  0.0003       0  0.0004  0.0005  0.0001       0
  std. dev.   0.0096  0.0022  0.0004  0.0024  0.0027  0.0006   0.004

type18
  mean        0.0017  0.0006       0  0.0013  0.0042  0.0002  0.0002
  std. dev.   0.0089  0.0037       0   0.008   0.019  0.0025  0.0033

type19
  mean        0.0027  0.0002       0  0.0007  0.0006  0.0005       0
  std. dev.   0.0217  0.0016  0.0001  0.0055  0.0024  0.0035  0.0002

type20
  mean         0.011  0.0134  0.0012  0.0014  0.0089  0.0013  0.0067
  std. dev.   0.0512  0.0719  0.0063  0.0098  0.0428  0.0088  0.0438

type21
  mean        0.0159  0.0086  0.0022  0.0118  0.0196  0.0144  0.0022
  std. dev.   0.0321  0.0266  0.0073  0.0283  0.0379  0.0442  0.0098

type22
  mean         0.005  0.0005  0.0004  0.0011  0.0066  0.0009  0.0002
  std. dev.   0.0423  0.0035  0.0054  0.0078  0.0228  0.0092  0.0031

type23
  mean        0.0053  0.0037  0.0001  0.0014  0.0032  0.0005  0.0002
  std. dev.   0.0349  0.0203  0.0008  0.0071  0.0123  0.0027  0.0012

type24
  mean        0.0262  0.0152   0.007   0.018  0.0341  0.0117  0.0037
  std. dev.   0.0494  0.0432  0.0269  0.0517   0.082  0.0368  0.0146

type25
  mean        0.0073  0.0042       0   0.005  0.0438  0.0005  0.0029
  std. dev.   0.0511  0.0323  0.0007   0.037  0.1732  0.0072  0.0267

type26
  mean        0.0128  0.0258  0.1167  0.0047   0.009   0.013   0.019
  std. dev.   0.0811  0.1095   0.294  0.0293   0.055  0.0638  0.1022

type27
  mean         0.024  0.0191  0.0252  0.0074  0.0042  0.0174  0.0311
  std. dev.     0.08  0.0663  0.1106  0.0276  0.0148  0.0672   0.138

type28
  mean        0.0007  0.0007  0.0002  0.0002  0.0008  0.0012  0.0006
  std. dev.   0.0027  0.0037  0.0015  0.0008  0.0034  0.0064  0.0051

type29
  mean        0.0019  0.0025  0.0003  0.0008  0.0023  0.0011  0.0002
  std. dev.   0.0067  0.0167  0.0014  0.0037  0.0085  0.0071  0.0017

type30
  mean        0.0095   0.003  0.0022  0.0158  0.0065  0.0215  0.0006
  std. dev.   0.0297  0.0111  0.0072  0.0582  0.0178  0.0811   0.005

type31
  mean        0.0024  0.0005  0.0001  0.0006  0.0001  0.0082  0.0002
  std. dev.   0.0124  0.0062  0.0007  0.0044  0.0006  0.0538  0.0059

type32
  mean        0.0095  0.0025   0.001   0.011   0.005  0.0094  0.0002
  std. dev.   0.0285    0.01  0.0035  0.0337  0.0127  0.0388  0.0015

type33
  mean        0.0179  0.0263  0.0088  0.0158  0.0277  0.0407  0.0059
  std. dev.   0.0526  0.1022  0.0336  0.0523  0.0757  0.1131  0.0338

type34
  mean        0.0165  0.0057  0.0081  0.0433  0.0104  0.0038  0.0018
  std. dev.   0.0511   0.023  0.0321  0.1365  0.0443  0.0118  0.0104

type35
  mean        0.0148  0.0054   0.002  0.0028  0.0075  0.0071  0.0019
  std. dev.   0.0518  0.0242  0.0085  0.0141  0.0271  0.0401  0.0121

type36
  mean         0.014  0.0231  0.0105  0.0263  0.0412  0.1091   0.001
  std. dev.    0.044  0.0959  0.0463  0.0899  0.1074  0.2154  0.0071

type37
  mean        0.0012  0.0026       0  0.0002  0.0015  0.0004       0
  std. dev.   0.0076  0.0182       0  0.0011  0.0084  0.0025  0.0084

type38
  mean        0.0247  0.0338  0.0428  0.0409   0.099  0.0557  0.0785
  std. dev.   0.0547  0.1078  0.1047  0.1083  0.1951  0.1626   0.235

type39
  mean        0.0078  0.0084  0.0088  0.0036  0.0053  0.0015   0.001
  std. dev.   0.0306  0.0513  0.0514  0.0231  0.0237  0.0097  0.0063

type40
  mean         0.001       0  0.0001  0.0002  0.0001       0  0.0001
  std. dev.   0.0071       0  0.0012  0.0015  0.0009  0.0003  0.0022

type41
  mean        0.0005  0.0001       0       0       0  0.0001       0
  std. dev.   0.0093  0.0012  0.0036       0       0  0.0008  0.0036

type42
  mean        0.0098  0.0274  0.0011  0.0174  0.0224  0.0579  0.0016
  std. dev.   0.0407  0.1065  0.0074  0.0711  0.0948  0.1686  0.0151

type43
  mean         0.017  0.0084  0.0001  0.0339  0.0275  0.1044       0
  std. dev.    0.087  0.0558  0.0014  0.1322  0.1133  0.2531  0.1255

type44
  mean        0.0209   0.034  0.0275  0.0161  0.0172  0.0102  0.0847
  std. dev.   0.0656  0.0961  0.1058  0.0698  0.0636  0.0518  0.2012

type45
  mean        0.0367  0.0716  0.0384  0.0482  0.0483  0.0404  0.1833
  std. dev.   0.0823  0.1597  0.1157  0.1326  0.1271  0.1184  0.2723

type46
  mean        0.0133  0.0213  0.0056  0.0069  0.0096  0.0078  0.0215
  std. dev.   0.0458  0.0912  0.0296  0.0308  0.0379  0.0363   0.089

type47
  mean        0.0136  0.0151   0.034  0.0177  0.0111  0.0097  0.0105
  std. dev.   0.0461  0.0716  0.1433  0.0777  0.0418   0.042  0.0498

type48
  mean        0.0117  0.0066   0.005  0.0032  0.0142  0.0353  0.0026
  std. dev.   0.0544  0.0455  0.0269  0.0169  0.0596  0.1264  0.0238

type49
  mean        0.0086  0.0085  0.0031  0.0113  0.0112  0.0175  0.0009
  std. dev.   0.0322  0.0363  0.0237  0.0641  0.0434  0.0812  0.0074

type50
  mean        0.0077  0.0036  0.0186  0.0052   0.001  0.0008  0.0027
  std. dev.   0.0387  0.0221  0.1017  0.0242   0.005  0.0042  0.0285

type51
  mean        0.0073  0.0008  0.0392  0.0293  0.0032  0.0052  0.0001
  std. dev.   0.0372  0.0089  0.1456  0.1264  0.0185  0.0264   0.001

type52
  mean        0.0268  0.0433  0.0252  0.0303  0.0255  0.0214  0.0403
  std. dev.   0.0706  0.1324  0.0875  0.0896  0.0776  0.0846  0.1548

type53
  mean        0.0058  0.0011  0.0033  0.0035  0.0047  0.0001  0.0004
  std. dev.   0.0457  0.0062   0.019  0.0189  0.0165  0.0008  0.0035

type54
  mean        0.0025  0.0027  0.0054  0.0005  0.0007  0.0001  0.0004
  std. dev.   0.0276  0.0217  0.0598  0.0045  0.0043  0.0006  0.0058

type55
  mean        0.0015  0.0003  0.0007  0.0028  0.0001       0  0.0003
  std. dev.   0.0131  0.0034  0.0065  0.0262  0.0008       0   0.004

type56
  mean        0.0061   0.032  0.0109   0.011  0.0005  0.0021  0.0005
  std. dev.   0.0323  0.1351  0.0605  0.0565  0.0041  0.0158   0.005

type57
  mean        0.0163  0.0009  0.0596  0.0234  0.0093  0.0258   0.001
  std. dev.   0.0762  0.0088  0.1889  0.0871  0.0564   0.099  0.0098

type58
  mean        0.0121  0.0073  0.0008  0.0076  0.0099  0.0172  0.0005
  std. dev.   0.0393  0.0334  0.0037  0.0248  0.0373  0.0606  0.0032

type59
  mean        0.0334  0.0268  0.0187  0.1073   0.032  0.0272  0.0617
  std. dev.   0.0726  0.0986  0.0614  0.2067  0.1007  0.0923  0.2078

type60
  mean         0.019  0.0304  0.1105  0.0359  0.0359   0.013   0.076
  std. dev.   0.0555  0.1128  0.2128  0.0925  0.0808  0.0477  0.2341

type61
  mean        0.0067  0.0011  0.0022  0.0066  0.0016  0.0181  0.0001
  std. dev.    0.045  0.0082  0.0134  0.0324  0.0118  0.0849  0.0011

type62
  mean        0.0136  0.0121   0.077  0.0154  0.0187  0.0038  0.0033
  std. dev.   0.0579  0.0603  0.1856  0.0574  0.0597  0.0231  0.0208

type63
  mean         0.004  0.0017  0.0187  0.0033  0.0078  0.0003  0.0009
  std. dev.   0.0207  0.0116  0.0667  0.0175  0.0288  0.0022  0.0084

type64
  mean        0.0004  0.0003  0.0005  0.0001  0.0009       0       0
  std. dev.   0.0045  0.0041  0.0074   0.001  0.0057  0.0037  0.0037

type65
  mean        0.0107  0.0057  0.0019   0.006  0.0117  0.0137  0.0007
  std. dev.   0.0404  0.0241  0.0079  0.0157  0.0297  0.0622  0.0041

type66
  mean        0.0103  0.0253  0.0153  0.0162  0.0284  0.0565  0.0005
  std. dev.    0.051  0.0909  0.0788  0.0703  0.0979  0.1533  0.0068

type67
  mean        0.0015  0.0124  0.0001  0.0047  0.0079   0.005       0
  std. dev.   0.0199  0.0892  0.0021  0.0443  0.0475  0.0394       0

type68
  mean        0.0003  0.0001  0.0019  0.0004  0.0002       0  0.0001
  std. dev.   0.0021  0.0006  0.0101  0.0025  0.0011  0.0004   0.002

type69
  mean        0.0003  0.0002   0.003  0.0004  0.0003       0       0
  std. dev.   0.0021  0.0018  0.0132   0.002  0.0018  0.0001  0.0005

type70
  mean         0.007  0.0021  0.0007  0.0019  0.0029  0.0035  0.0003
  std. dev.   0.0375  0.0091  0.0037  0.0067  0.0136   0.016  0.0022

type71
  mean        0.0059  0.0019  0.0016  0.0095  0.0037  0.0024  0.0005
  std. dev.   0.0209  0.0089  0.0094  0.0359  0.0179  0.0091  0.0038

type72
  mean        0.0059  0.0017   0.002  0.0007  0.0004       0  0.0002
  std. dev.   0.0502  0.0122  0.0133  0.0039  0.0017  0.0005  0.0023

type73
  mean        0.0002       0       0       0       0       0       0
  std. dev.    0.004  0.0016  0.0016  0.0016  0.0002  0.0003  0.0016

type74
  mean        0.0076   0.001  0.0005  0.0041  0.0034  0.0057  0.0014
  std. dev.   0.0569  0.0049  0.0033  0.0203  0.0144  0.0486  0.0121

type75
  mean        0.0202  0.0158   0.005  0.0197  0.0246  0.0075  0.0035
  std. dev.   0.0524   0.063  0.0193  0.0743  0.0775  0.0289   0.017

type76
  mean        0.0013       0  0.0033  0.0014  0.0003   0.003       0
  std. dev.   0.0089       0  0.0264  0.0091  0.0024  0.0195  0.0004

type77
  mean        0.0003  0.0006  0.0226  0.0016  0.0004  0.0001  0.0021
  std. dev.   0.0035   0.006  0.1071  0.0189  0.0064  0.0015  0.0274

type78
  mean        0.0004       0   0.005  0.0015  0.0004  0.0021  0.0076
  std. dev.    0.005  0.0008  0.0357  0.0194  0.0055  0.0344   0.066

type79
  mean        0.0043  0.0299  0.0133  0.0091  0.0039  0.0002  0.0045
  std. dev.   0.0319  0.1407  0.0751   0.053  0.0226  0.0025  0.0407

type80
  mean             0       0       0       0       0       0       0
  std. dev.   0.0002  0.0001  0.0001  0.0001  0.0001  0.0001       0

type81
  mean        0.0018  0.0233  0.0006  0.0038  0.0009       0  0.0044
  std. dev.   0.0193  0.1108   0.004  0.0205  0.0057  0.0003  0.0239

type82
  mean        0.0028  0.0006       0       0  0.0001       0  0.0001
  std. dev.   0.0206  0.0087  0.0089  0.0006  0.0011  0.0004  0.0026

type83
  mean        0.0072  0.0027       0  0.0005       0       0  0.0005
  std. dev.   0.0369  0.0274  0.0001  0.0029  0.0002  0.0003  0.0095

type84
  mean        0.0023       0       0  0.0001       0  0.0002  0.0001
  std. dev.   0.0203  0.0081       0  0.0015  0.0003  0.0045  0.0017

type85
  mean        0.0029       0       0  0.0001       0       0  0.0002
  std. dev.    0.026  0.0102  0.0102  0.0014  0.0007       0  0.0031

type86
  mean        0.0087  0.0016  0.0007  0.0007  0.0112  0.0012  0.0005
  std. dev.   0.0432  0.0097  0.0054  0.0045  0.0629  0.0081   0.004

type87
  mean        0.0001   0.002  0.0039       0       0  0.0001  0.0008
  std. dev.   0.0015  0.0231  0.0282  0.0001  0.0146  0.0019  0.0135

type88
  mean        0.0001       0  0.0011  0.0003  0.0001       0  0.0001
  std. dev.   0.0008       0   0.006  0.0016  0.0007  0.0003  0.0012

type89
  mean        0.0008       0       0   0.001  0.0001       0       0
  std. dev.   0.0064       0  0.0004  0.0052  0.0015  0.0001  0.0031

type90
  mean        0.0007       0  0.0001  0.0006       0       0       0
  std. dev.   0.0107  0.0045  0.0007   0.005  0.0002  0.0045  0.0045

type91
  mean        0.0026  0.0003  0.0003  0.0018  0.0027  0.0009  0.0003
  std. dev.   0.0132  0.0019  0.0017  0.0107  0.0107  0.0046  0.0027

type92
  mean        0.0001       0       0       0       0       0  0.0001
  std. dev.   0.0014  0.0006       0  0.0001  0.0002  0.0003  0.0008

type93
  mean        0.0026  0.0004  0.0001  0.0001  0.0019  0.0003  0.0001
  std. dev.    0.014  0.0028  0.0008   0.001  0.0106  0.0026  0.0011

type94
  mean        0.0022       0  0.0005  0.0038  0.0001       0  0.0003
  std. dev.    0.015  0.0003  0.0034  0.0202  0.0006  0.0002  0.0063

type95
  mean        0.0005  0.0001       0       0  0.0001       0  0.0001
  std. dev.   0.0048  0.0009  0.0002  0.0022  0.0006  0.0006   0.002

type96
  mean        0.0036  0.0009       0  0.0024  0.0002       0  0.0005
  std. dev.   0.0206  0.0069  0.0004   0.013  0.0011  0.0004   0.004

type97
  mean         0.005  0.0006  0.0002  0.0001  0.0037  0.0007  0.0001
  std. dev.   0.0257  0.0046  0.0014  0.0013  0.0204  0.0047  0.0013

type98
  mean        0.0001       0       0  0.0002       0       0       0
  std. dev.   0.0006  0.0001  0.0004  0.0017       0  0.0002       0

type99
  mean        0.0018  0.0014  0.0001  0.0005  0.0007  0.0009  0.0001
  std. dev.   0.0095    0.01  0.0007  0.0031  0.0035  0.0048  0.0009

type100
  mean             0       0       0       0       0       0       0
  std. dev.   0.0002  0.0001  0.0001  0.0001       0  0.0001  0.0001

type101
  mean        0.0014  0.0006  0.0001  0.0004  0.0007       0       0
  std. dev.   0.0089  0.0036  0.0007  0.0026  0.0041  0.0002   0.004

type102
  mean        0.0002       0       0       0  0.0001       0       0
  std. dev.   0.0021  0.0001       0  0.0008  0.0005       0  0.0008

type103
  mean        0.0008  0.0001  0.0001       0       0  0.0001       0
  std. dev.   0.0062   0.001  0.0007  0.0025  0.0003  0.0013  0.0025

type104
  mean        0.0057  0.0005  0.0002  0.0029  0.0014  0.0002       0
  std. dev.   0.0263  0.0028  0.0009  0.0135  0.0058  0.0016  0.0007

type105
  mean        0.0005       0       0   0.001  0.0004       0       0
  std. dev.   0.0034  0.0001  0.0003    0.01  0.0044  0.0001  0.0008

type106
  mean        0.0035  0.0004       0  0.0001       0       0  0.0002
  std. dev.   0.0185  0.0052  0.0001  0.0006  0.0077  0.0004  0.0029

type107
  mean        0.0002       0       0       0       0       0       0
  std. dev.   0.0012  0.0001  0.0005       0       0  0.0002  0.0005

type108
  mean        0.0019  0.0001  0.0007  0.0049       0  0.0002       0
  std. dev.   0.0119  0.0013   0.006  0.0314  0.0002  0.0027  0.0001

type109
  mean        0.0035       0       0       0  0.0006       0  0.0001
  std. dev.   0.0212  0.0085  0.0003  0.0002   0.007  0.0001  0.0011

type110
  mean        0.0022  0.0001  0.0004  0.0001  0.0044  0.0015  0.0001
  std. dev.   0.0112  0.0009  0.0027  0.0011  0.0188  0.0092  0.0017

type111
  mean        0.0085  0.0001       0       0  0.0003       0  0.0007
  std. dev.   0.0357  0.0011  0.0004  0.0003  0.0027  0.0004  0.0053

type112
  mean        0.0028  0.0001  0.0005  0.0036       0  0.0003       0
  std. dev.   0.0213  0.0019  0.0051  0.0319  0.0002  0.0038  0.0136

type113
  mean        0.0003  0.0001  0.0001  0.0242  0.0023  0.0015       0
  std. dev.   0.0038  0.0013  0.0011  0.1353  0.0311  0.0203  0.0466

type114
  mean        0.0018  0.0001  0.0082   0.006  0.0004  0.0037  0.0078
  std. dev.   0.0195  0.0024  0.0637  0.0397  0.0044  0.0373  0.0777

type115
  mean             0       0       0       0       0       0       0
  std. dev.   0.0003  0.0001  0.0002       0  0.0001  0.0001       0

type116
  mean        0.0024       0       0  0.0019  0.0005  0.0002       0
  std. dev.   0.0192  0.0001  0.0007  0.0172  0.0028  0.0014  0.0004

type117
  mean        0.0007       0  0.0001  0.0002  0.0003       0  0.0001
  std. dev.   0.0053  0.0004  0.0008  0.0011   0.003  0.0002  0.0016

type118
  mean        0.0018   0.001  0.0001  0.0008  0.0011  0.0001  0.0002
  std. dev.   0.0147   0.007  0.0011  0.0065  0.0081  0.0013  0.0034

type119
  mean        0.0002       0       0       0  0.0001       0       0
  std. dev.   0.0024   0.001  0.0001  0.0003  0.0005   0.001   0.001

type120
  mean        0.0002       0       0       0       0       0       0
  std. dev.   0.0046  0.0018       0  0.0018  0.0018  0.0018  0.0018

type121
  mean        0.0002       0       0       0       0       0       0
  std. dev.    0.003  0.0012  0.0012  0.0001  0.0001  0.0012  0.0012

type122
  mean             0       0       0       0       0       0       0
  std. dev.   0.0003  0.0001  0.0001  0.0001  0.0001  0.0001  0.0001

type123
  mean        0.0003  0.0094       0   0.004  0.0059  0.0064  0.0019
  std. dev.   0.0029  0.0802  0.0472  0.0504  0.0433  0.0524  0.0355

type124
  mean         0.001  0.0009   0.002  0.0006  0.0001  0.0003  0.0001
  std. dev.   0.0085  0.0072   0.013  0.0043  0.0009   0.004  0.0032

type125
  mean        0.0069  0.0001   0.009  0.0096  0.0193  0.0032  0.0005
  std. dev.   0.0292  0.0009   0.054  0.0496  0.0845   0.019  0.0052

type126
  mean        0.0012       0  0.0002  0.0012  0.0021  0.0008  0.0002
  std. dev.   0.0061  0.0053  0.0017  0.0076  0.0098  0.0064  0.0023

type127
  mean        0.0012       0       0  0.0011       0  0.0048  0.0009
  std. dev.   0.0168  0.0211  0.0004   0.013  0.0211  0.0402  0.0231

type128
  mean             0       0       0       0  0.0001  0.0001       0
  std. dev.   0.0006  0.0002  0.0008  0.0003  0.0012  0.0017  0.0001

type129
  mean        0.0004  0.0001       0       0  0.0002       0  0.0003
  std. dev.   0.0048  0.0018  0.0003  0.0003  0.0019  0.0005  0.0058

type130
  mean        0.0002       0       0   0.001  0.0001       0       0
  std. dev.   0.0031  0.0004   0.004  0.0116  0.0015  0.0001   0.004

type131
  mean        0.0035  0.0003  0.0001  0.0011  0.0004  0.0001       0
  std. dev.   0.0357  0.0043  0.0009  0.0102  0.0048  0.0018  0.0144

type132
  mean        0.0001       0       0       0       0  0.0001       0
  std. dev.   0.0007  0.0004  0.0001  0.0005  0.0004  0.0005  0.0004

type133
  mean        0.0001  0.0001       0       0  0.0002  0.0006       0
  std. dev.   0.0014  0.0021  0.0002  0.0001  0.0022  0.0058  0.0002

type134
  mean         0.001  0.0002  0.0004  0.0024  0.0019  0.0034       0
  std. dev.   0.0064   0.002  0.0035  0.0152  0.0112  0.0206  0.0004

type135
  mean        0.0001       0       0  0.0001  0.0011  0.0011       0
  std. dev.   0.0017  0.0002  0.0005  0.0007  0.0088  0.0102  0.0048

type136
  mean         0.001       0       0       0       0       0       0
  std. dev.    0.008  0.0031  0.0005  0.0031  0.0006  0.0002  0.0031

type137
  mean        0.0005       0       0       0       0       0       0
  std. dev.   0.0111  0.0043  0.0043  0.0043  0.0043  0.0043  0.0043

type138
  mean        0.0014  0.0075       0   0.005  0.0026  0.0009       0
  std. dev.   0.0157  0.0613  0.0313  0.0452  0.0294  0.0139  0.0313

type139
  mean        0.0005   0.002       0  0.0003  0.0011       0       0
  std. dev.    0.004  0.0195  0.0083  0.0029  0.0059  0.0002  0.0004

type140
  mean        0.0006  0.0001       0  0.0008       0       0  0.0001
  std. dev.   0.0073  0.0006  0.0004  0.0057  0.0003  0.0007  0.0017

type141
  mean        0.0028  0.0053  0.0008  0.0012   0.001  0.0014       0
  std. dev.   0.0234   0.052  0.0143  0.0127  0.0154  0.0158   0.025

type142
  mean        0.0002       0  0.0003       0  0.0006  0.0017       0
  std. dev.   0.0016  0.0046  0.0026  0.0001  0.0042  0.0109  0.0005

type143
  mean        0.0019  0.0008  0.0003  0.0011  0.0009  0.0017  0.0001
  std. dev.   0.0159  0.0044  0.0014  0.0063  0.0046  0.0104  0.0013

type144
  mean        0.0015  0.0001       0  0.0031       0  0.0001       0
  std. dev.   0.0115  0.0023  0.0001  0.0249  0.0004  0.0011  0.0094

type145
  mean        0.0003       0       0  0.0002       0  0.0001       0
  std. dev.   0.0025  0.0002  0.0004  0.0018  0.0012  0.0006  0.0012

type146
  mean        0.0015  0.0001  0.0001  0.0005  0.0001  0.0002       0
  std. dev.   0.0133  0.0008  0.0011   0.005  0.0013  0.0018  0.0055

type147
  mean        0.0017  0.0017  0.0064  0.0004  0.0001  0.0002       0
  std. dev.   0.0095  0.0109  0.0468  0.0022  0.0007  0.0015  0.0158

type148
  mean             0       0       0       0       0       0       0
  std. dev.   0.0004  0.0004  0.0003       0  0.0003  0.0001  0.0005

type149
  mean        0.0002  0.0005       0       0  0.0001       0       0
  std. dev.   0.0019  0.0065  0.0001  0.0002  0.0009  0.0003  0.0001

type150
  mean        0.0027  0.0002       0  0.0024       0       0       0
  std. dev.   0.0313   0.002  0.0002  0.0256       0  0.0001  0.0001

type151
  mean         0.001  0.0001  0.0002  0.0002  0.0027  0.0003       0
  std. dev.   0.0094  0.0006  0.0027  0.0033   0.016  0.0037  0.0002

type152
  mean        0.0014  0.0005       0  0.0025  0.0007  0.0001       0
  std. dev.   0.0108  0.0054  0.0005  0.0185  0.0047  0.0016  0.0079

type153
  mean        0.0002  0.0002  0.0002       0  0.0001       0       0
  std. dev.   0.0024  0.0029  0.0023  0.0003  0.0012  0.0006  0.0006

type154
  mean        0.0023  0.0002  0.0006       0       0  0.0006       0
  std. dev.   0.0325  0.0035  0.0063  0.0129  0.0005  0.0048  0.0129

type155
  mean        0.0015  0.0003       0       0  0.0001  0.0005  0.0001
  std. dev.    0.026   0.003  0.0106  0.0009  0.0008   0.007  0.0028

type156
  mean        0.0011  0.0087   0.001  0.0001  0.0006  0.0034  0.0009
  std. dev.   0.0115  0.0689  0.0124  0.0013  0.0067  0.0347  0.0065

type157
  mean             0       0       0       0       0  0.0004       0
  std. dev.   0.0005  0.0021  0.0006  0.0003  0.0007  0.0051  0.0021

type158
  mean        0.0009  0.0001       0       0  0.0006       0       0
  std. dev.   0.0071  0.0005  0.0002  0.0001  0.0054  0.0032  0.0004

type159
  mean        0.0011  0.0009  0.0003  0.0003  0.0161  0.0097       0
  std. dev.   0.0171  0.0119  0.0047  0.0038  0.0988  0.0836  0.0001

type160
  mean        0.0015  0.0002  0.0008  0.0003  0.0021  0.0001       0
  std. dev.   0.0162  0.0011  0.0076   0.002  0.0105   0.001  0.0007

type161
  mean        0.0014  0.0004  0.0005  0.0003  0.0003  0.0004       0
  std. dev.   0.0174  0.0091  0.0056  0.0049  0.0027  0.0066  0.0085

type162
  mean        0.0021  0.0006       0   0.002  0.0008       0       0
  std. dev.   0.0212  0.0037  0.0004  0.0172   0.005       0  0.0102

type163
  mean        0.0005  0.0004       0  0.0001  0.0005       0       0
  std. dev.   0.0041  0.0033  0.0023  0.0009  0.0028  0.0003  0.0005

type164
  mean        0.0006       0       0       0  0.0001  0.0008       0
  std. dev.   0.0068  0.0042       0  0.0002  0.0014  0.0083  0.0042

type165
  mean        0.0026       0       0  0.0002  0.0001       0  0.0003
  std. dev.   0.0253  0.0001  0.0105  0.0024  0.0014  0.0105  0.0071

type166
  mean             0       0  0.0001       0       0       0       0
  std. dev.   0.0002  0.0005  0.0014       0  0.0001       0       0

type167
  mean        0.0006       0       0  0.0002       0       0       0
  std. dev.   0.0039  0.0017  0.0005  0.0024  0.0017  0.0001  0.0017

type168
  mean        0.0032  0.0001  0.0001  0.0008       0  0.0001       0
  std. dev.    0.043  0.0012  0.0016  0.0085  0.0169   0.001  0.0169

type169
  mean        0.0005  0.0001  0.0021  0.0012  0.0001       0  0.0002
  std. dev.   0.0041  0.0012   0.021   0.014  0.0012  0.0085  0.0041

type170
  mean        0.0006       0       0       0  0.0001       0  0.0004
  std. dev.   0.0106  0.0002  0.0055       0  0.0009       0  0.0073

type171
  mean        0.0003  0.0001       0  0.0002  0.0001       0       0
  std. dev.   0.0025  0.0028  0.0017  0.0024  0.0014  0.0017  0.0017

type172
  mean        0.0026  0.0002  0.0001  0.0002  0.0007       0  0.0012
  std. dev.   0.0429  0.0022  0.0009  0.0017  0.0048  0.0003  0.0298

type173
  mean        0.0002       0       0       0  0.0001  0.0002       0
  std. dev.   0.0012  0.0003       0  0.0002  0.0008  0.0018       0

type174
  mean        0.0001  0.0002  0.0001       0  0.0001  0.0001       0
  std. dev.   0.0012  0.0022   0.001       0   0.001  0.0012  0.0012

type175
  mean        0.0004  0.0001       0       0       0       0       0
  std. dev.   0.0069  0.0014  0.0027  0.0002  0.0003  0.0007  0.0001

type176
  mean             0       0       0       0       0       0       0
  std. dev.   0.0001  0.0001  0.0001  0.0003  0.0001  0.0001  0.0001

type177
  mean        0.0011       0  0.0004       0       0  0.0001       0
  std. dev.   0.0147  0.0061   0.007  0.0009  0.0061  0.0017  0.0061

type178
  mean             0       0       0  0.0001       0       0       0
  std. dev.   0.0003  0.0003       0  0.0006  0.0003  0.0003  0.0002

type179
  mean        0.0001       0       0       0  0.0001       0       0
  std. dev.    0.001  0.0001  0.0005       0   0.001       0  0.0001

type180
  mean             0       0       0       0  0.0001       0       0
  std. dev.   0.0004  0.0002  0.0005       0  0.0017  0.0005  0.0005

type181
  mean             0       0       0       0       0       0       0
  std. dev.   0.0003  0.0001       0  0.0001  0.0001  0.0001  0.0001

type182
  mean         0.003       0       0  0.0001  0.0004  0.0001       0
  std. dev.   0.0242  0.0006  0.0006  0.0008  0.0024  0.0014  0.0094

type183
  mean        0.0003  0.0001  0.0011  0.0001       0       0       0
  std. dev.   0.0052  0.0013  0.0104  0.0009  0.0001       0  0.0039

type184
  mean             0       0       0       0       0       0       0
  std. dev.        0       0       0  0.0001       0       0       0

type185
  mean        0.0004       0  0.0002  0.0027       0       0       0
  std. dev.   0.0041  0.0002   0.003  0.0223  0.0076  0.0007       0

type186
  mean        0.0007       0  0.0004  0.0045       0  0.0001       0
  std. dev.   0.0071  0.0004   0.005   0.033  0.0114  0.0012  0.0001

type187
  mean        0.0017  0.0001       0       0  0.0004  0.0007  0.0007
  std. dev.   0.0179  0.0014  0.0084  0.0084  0.0029  0.0068  0.0076

type188
  mean        0.0004  0.0006  0.0001  0.0005  0.0012       0       0
  std. dev.   0.0045  0.0084   0.001  0.0047  0.0129  0.0001  0.0008

type189
  mean             0       0  0.0001  0.0013  0.0002       0       0
  std. dev.   0.0066  0.0066  0.0008    0.02  0.0025  0.0066  0.0066

type190
  mean        0.0007  0.0008  0.0003       0  0.0001       0       0
  std. dev.   0.0069  0.0104  0.0028  0.0003  0.0013  0.0002       0

type191
  mean             0       0       0       0  0.0001  0.0001       0
  std. dev.   0.0002  0.0003  0.0001  0.0001  0.0005  0.0007  0.0001

type192
  mean        0.0009  0.0003  0.0001       0  0.0002  0.0003       0
  std. dev.   0.0096  0.0032  0.0013  0.0005  0.0014   0.003  0.0003

type193
  mean        0.0005  0.0002       0   0.001  0.0001  0.0001       0
  std. dev.    0.006   0.002  0.0003   0.006  0.0006   0.001  0.0005

type194
  mean             0       0       0       0       0       0       0
  std. dev.   0.0003  0.0002  0.0001  0.0001  0.0001  0.0001  0.0001

type195
  mean        0.0048  0.0006  0.0012  0.0004  0.0013  0.0035       0
  std. dev.   0.0492  0.0073  0.0205  0.0068  0.0207  0.0395  0.0008

type196
  mean        0.0014       0       0  0.0001       0       0       0
  std. dev.   0.0136  0.0007  0.0053  0.0013  0.0053  0.0053  0.0001

type197
  mean         0.001  0.0003       0       0       0       0       0
  std. dev.   0.0121  0.0042   0.005   0.005   0.005  0.0009  0.0011

type198
  mean        0.0006  0.0011  0.0002       0  0.0009  0.0003       0
  std. dev.   0.0056  0.0096   0.002  0.0051  0.0065  0.0036  0.0003

type199
  mean        0.0008  0.0001  0.0002       0  0.0018  0.0001  0.0001
  std. dev.   0.0073   0.001  0.0016  0.0001  0.0103   0.001  0.0022

type200
  mean        0.0007       0       0  0.0001  0.0001  0.0004       0
  std. dev.     0.01  0.0002  0.0052  0.0013  0.0021  0.0085  0.0052

type201
  mean        0.0008       0  0.0003  0.0006  0.0002  0.0001       0
  std. dev.   0.0062  0.0001   0.004   0.005  0.0025  0.0014  0.0003

type202
  mean         0.001  0.0001  0.0002  0.0002  0.0024  0.0014       0
  std. dev.   0.0071   0.001   0.002  0.0023  0.0265  0.0126       0

type203
  mean        0.0031       0  0.0056  0.0001  0.0027  0.0025       0
  std. dev.   0.0151  0.0001  0.0426  0.0005  0.0299  0.0138  0.0178

type204
  mean        0.0001       0  0.0001       0  0.0001       0       0
  std. dev.   0.0016  0.0002  0.0011  0.0008  0.0006  0.0003       0

type205
  mean        0.0014  0.0003       0  0.0004  0.0021  0.0001       0
  std. dev.   0.0066  0.0022  0.0002  0.0021  0.0137  0.0005  0.0001

type206
  mean        0.0001       0       0       0  0.0002       0       0
  std. dev.   0.0007  0.0002  0.0001       0  0.0012  0.0004  0.0004

type207
  mean        0.0006       0  0.0001       0       0       0       0
  std. dev.   0.0074  0.0029  0.0008  0.0001  0.0004  0.0029  0.0002

type208
  mean        0.0055  0.0003  0.0002       0  0.0001  0.0007  0.0001
  std. dev.   0.0208  0.0035  0.0016  0.0002   0.001  0.0107  0.0014

type209
  mean        0.0002  0.0001       0       0       0       0       0
  std. dev.   0.0025  0.0011  0.0011  0.0002  0.0002       0  0.0011

type210
  mean        0.0042       0  0.0003  0.0008  0.0001  0.0007  0.0001
  std. dev.   0.0311  0.0135  0.0026  0.0113  0.0008  0.0119  0.0013

type211
  mean        0.0022       0  0.0001       0  0.0005  0.0005       0
  std. dev.   0.0256       0  0.0012  0.0106  0.0078  0.0079  0.0106

type212
  mean        0.0001       0       0       0       0       0       0
  std. dev.   0.0025   0.001   0.001   0.001   0.001   0.001   0.001

type213
  mean        0.0004       0       0       0       0       0       0
  std. dev.   0.0042  0.0016  0.0016  0.0003  0.0005  0.0004  0.0016

type214
  mean        0.0003       0       0       0       0       0       0
  std. dev.    0.005  0.0019  0.0019  0.0019  0.0019  0.0019  0.0019

type215
  mean             0       0  0.0001  0.0006       0       0       0
  std. dev.   0.0001  0.0002  0.0013  0.0078  0.0026  0.0026  0.0002

type216
  mean             0       0  0.0002  0.0005       0       0       0
  std. dev.   0.0003  0.0029  0.0028  0.0083  0.0029  0.0029  0.0029

type217
  mean             0  0.0002  0.0002  0.0001       0  0.0004  0.0024
  std. dev.   0.0007  0.0021  0.0027  0.0015  0.0144  0.0057  0.0285

type218
  mean        0.0029       0  0.0001       0       0  0.0002       0
  std. dev.    0.035  0.0002   0.001  0.0004  0.0003  0.0029  0.0001

type219
  mean        0.0001       0       0       0  0.0001       0       0
  std. dev.   0.0017  0.0008  0.0002  0.0002  0.0013       0       0

type220
  mean         0.002  0.0016   0.001  0.0189  0.0038  0.0004  0.0002
  std. dev.   0.0139  0.0124  0.0087  0.1194  0.0229  0.0053  0.0031

type221
  mean        0.0006       0       0       0       0       0       0
  std. dev.   0.0108       0  0.0008  0.0005  0.0042  0.0042  0.0042

type222
  mean        0.0001       0       0       0       0       0       0
  std. dev.   0.0012  0.0005  0.0005  0.0005  0.0005  0.0005  0.0005

type223
  mean         0.001  0.0001  0.0006       0  0.0004  0.0001       0
  std. dev.   0.0062  0.0008   0.004  0.0003  0.0017  0.0004  0.0005

type224
  mean             0       0       0       0       0       0       0
  std. dev.   0.0004  0.0001  0.0001  0.0001  0.0001  0.0001  0.0001

type225
  mean        0.0001  0.0001       0       0  0.0001       0       0
  std. dev.   0.0018  0.0014   0.001  0.0007   0.001  0.0002  0.0001

type226
  mean        0.0003       0       0  0.0001  0.0003  0.0001       0
  std. dev.   0.0033  0.0002  0.0016  0.0013  0.0016  0.0016  0.0016

type227
  mean        0.0001  0.0005       0  0.0003  0.0004       0       0
  std. dev.   0.0011   0.008  0.0034   0.002  0.0031  0.0006  0.0034

type228
  mean        0.0005       0       0  0.0001  0.0001  0.0001       0
  std. dev.   0.0035  0.0004  0.0001  0.0011  0.0009  0.0012  0.0015

type229
  mean        0.0032  0.0002  0.0001  0.0006  0.0004  0.0004       0
  std. dev.   0.0296  0.0024  0.0008  0.0038  0.0023  0.0069  0.0001

type230
  mean             0       0       0       0       0       0       0
  std. dev.   0.0003  0.0002  0.0002  0.0006  0.0002  0.0002  0.0002

type231
  mean        0.0015       0       0       0  0.0008       0  0.0002
  std. dev.   0.0149  0.0003  0.0003  0.0001   0.007  0.0001   0.002

type232
  mean        0.0013  0.0001       0  0.0008       0  0.0003       0
  std. dev.   0.0141  0.0006  0.0064  0.0096  0.0064  0.0032       0

type233
  mean        0.0003       0       0       0       0  0.0001       0
  std. dev.    0.003  0.0005  0.0012  0.0001  0.0003  0.0011  0.0012

type234
  mean        0.0021  0.0004       0  0.0001  0.0003  0.0001       0
  std. dev.   0.0227  0.0032  0.0003  0.0007  0.0032  0.0019   0.009

type235
  mean             0       0  0.0005       0       0       0       0
  std. dev.   0.0002  0.0011  0.0035  0.0005  0.0005  0.0001  0.0001

type236
  mean        0.0001       0  0.0002       0       0       0       0
  std. dev.   0.0009  0.0004  0.0024  0.0005   0.001  0.0008  0.0008

type237
  mean        0.0042       0       0  0.0016  0.0001       0  0.0014
  std. dev.   0.0266  0.0003  0.0005  0.0102  0.0006  0.0001  0.0235

type238
  mean        0.0001  0.0004       0  0.0001  0.0007       0       0
  std. dev.   0.0007  0.0054   0.003  0.0007  0.0068  0.0002  0.0006

type239
  mean             0       0       0       0       0       0       0
  std. dev.   0.0005  0.0002  0.0002  0.0002  0.0002  0.0002  0.0002

type240
  mean             0       0       0       0       0       0       0
  std. dev.   0.0005  0.0002  0.0002  0.0002  0.0002  0.0002  0.0002

type241
  mean        0.0006  0.0002       0  0.0003  0.0003  0.0001       0
  std. dev.   0.0099  0.0023       0  0.0046  0.0049  0.0025  0.0001

type242
  mean        0.0008  0.0001       0   0.001       0       0       0
  std. dev.   0.0061  0.0022  0.0046  0.0116  0.0046       0  0.0002

type243
  mean        0.0002       0  0.0001       0       0       0       0
  std. dev.   0.0017  0.0002  0.0013  0.0008  0.0008  0.0008  0.0008

type244
  mean        0.0006  0.0062  0.0002  0.0006       0  0.0018       0
  std. dev.   0.0096  0.0562   0.003  0.0102  0.0248  0.0207  0.0248

type245
  mean        0.0003       0       0  0.0002       0       0       0
  std. dev.   0.0057  0.0004  0.0024  0.0028  0.0001  0.0008  0.0024

type246
  mean        0.0004  0.0001       0       0  0.0002       0       0
  std. dev.   0.0054   0.002  0.0006  0.0001  0.0024  0.0023  0.0004

type247
  mean        0.0015  0.0004       0  0.0002  0.0019  0.0002  0.0004
  std. dev.   0.0105  0.0025  0.0007  0.0014   0.009  0.0021  0.0103

type248
  mean        0.0009  0.0002  0.0002  0.0001  0.0005  0.0002       0
  std. dev.   0.0069  0.0015  0.0016  0.0003  0.0027  0.0014  0.0001

type249
  mean        0.0003  0.0004       0  0.0018       0       0       0
  std. dev.   0.0037  0.0037  0.0004  0.0239  0.0001  0.0003  0.0081

type250
  mean        0.0034  0.0008  0.0001  0.0001  0.0002  0.0003  0.0001
  std. dev.   0.0358  0.0077  0.0008  0.0014  0.0013  0.0024  0.0025

type251
  mean             0       0       0       0       0       0       0
  std. dev.   0.0002  0.0001  0.0001  0.0001  0.0001  0.0001  0.0001

type252
  mean             0       0       0       0       0       0       0
  std. dev.   0.0009  0.0003  0.0003  0.0003  0.0003  0.0003  0.0003

type253
  mean        0.0002       0       0       0       0       0       0
  std. dev.   0.0017  0.0003  0.0007  0.0006  0.0007  0.0007  0.0007

type254
  mean        0.0021  0.0002       0  0.0005  0.0005  0.0001  0.0001
  std. dev.   0.0212  0.0021  0.0002  0.0041  0.0038  0.0015  0.0012

type255
  mean             0  0.0001       0       0       0       0       0
  std. dev.   0.0004  0.0027  0.0011  0.0001  0.0011  0.0011  0.0011

type256
  mean        0.0005       0       0       0       0       0       0
  std. dev.   0.0093  0.0036  0.0036  0.0001  0.0001  0.0003  0.0003

type257
  mean        0.0001       0       0       0  0.0001       0  0.0003
  std. dev.    0.001  0.0027  0.0001  0.0027  0.0018  0.0027  0.0052

type258
  mean             0       0       0       0       0       0       0
  std. dev.   0.0005  0.0002  0.0002  0.0002  0.0003  0.0002  0.0002

type259
  mean        0.0008  0.0001       0       0       0       0       0
  std. dev.   0.0085  0.0018  0.0002  0.0003  0.0003       0  0.0034

type260
  mean        0.0015  0.0002  0.0007  0.0005  0.0015  0.0075  0.0004
  std. dev.   0.0133  0.0031  0.0094  0.0076  0.0101  0.0808  0.0074

type261
  mean        0.0002  0.0001  0.0002  0.0003  0.0028  0.0064  0.0001
  std. dev.   0.0022  0.0008  0.0033  0.0027  0.0222  0.0477  0.0026

type262
  mean        0.0012  0.0002       0  0.0004  0.0003  0.0024  0.0001
  std. dev.   0.0097  0.0018  0.0004  0.0029  0.0022  0.0263  0.0016

type263
  mean        0.0023       0  0.0001  0.0002  0.0001  0.0006       0
  std. dev.    0.034  0.0136  0.0019  0.0038  0.0024  0.0085  0.0136

type264
  mean             0       0       0       0       0       0       0
  std. dev.        0  0.0001  0.0001  0.0001  0.0001       0  0.0002

type265
  mean             0  0.0001  0.0001       0       0       0  0.0001
  std. dev.   0.0007  0.0032  0.0009  0.0021  0.0021       0  0.0032

type266
  mean             0       0       0       0       0       0       0
  std. dev.   0.0007  0.0001       0  0.0003  0.0003  0.0003  0.0003

type267
  mean             0  0.0001       0       0       0       0       0
  std. dev.   0.0005  0.0011  0.0003  0.0005  0.0001  0.0005  0.0001

type268
  mean        0.0012       0       0  0.0001       0       0       0
  std. dev.   0.0085  0.0001  0.0004  0.0009  0.0003  0.0033  0.0006

type269
  mean             0       0       0  0.0002       0       0       0
  std. dev.   0.0002  0.0002  0.0008  0.0015  0.0008  0.0009  0.0009

type270
  mean        0.0018       0  0.0067  0.0148  0.0032  0.0043       0
  std. dev.   0.0255  0.0003  0.0711  0.0968  0.0238  0.0355  0.0431

type271
  mean        0.0002       0       0       0  0.0002       0       0
  std. dev.   0.0022  0.0006       0  0.0002  0.0018       0       0

type272
  mean        0.0002       0  0.0001       0       0       0       0
  std. dev.   0.0011  0.0006  0.0009  0.0002  0.0004  0.0005  0.0006

type273
  mean             0       0       0       0       0       0       0
  std. dev.   0.0005  0.0002  0.0002  0.0002  0.0001  0.0002  0.0002

type274
  mean        0.0001       0       0       0       0       0       0
  std. dev.   0.0013  0.0005  0.0005  0.0005  0.0005  0.0005  0.0005

type275
  mean        0.0001       0       0       0       0       0       0
  std. dev.   0.0004  0.0003  0.0002  0.0001  0.0001  0.0001       0

type276
  mean        0.0005       0       0       0  0.0006       0       0
  std. dev.   0.0078  0.0033  0.0006  0.0002  0.0046  0.0002  0.0004

type277
  mean        0.0004       0       0       0       0       0       0
  std. dev.   0.0053  0.0021  0.0005  0.0002  0.0021  0.0021  0.0003

type278
  mean             0       0       0       0       0       0       0
  std. dev.   0.0001  0.0006  0.0003       0  0.0003  0.0003  0.0003

type279
  mean        0.0014       0  0.0002       0       0       0       0
  std. dev.   0.0133  0.0053  0.0042       0  0.0053  0.0006  0.0053

type280
  mean        0.0009       0  0.0001  0.0002       0       0       0
  std. dev.   0.0065  0.0027  0.0011  0.0022  0.0003  0.0027  0.0027

type281
  mean         0.001       0       0  0.0006  0.0001       0       0
  std. dev.    0.007  0.0032  0.0032  0.0048  0.0019  0.0032  0.0032

type282
  mean        0.0004  0.0001       0       0       0       0       0
  std. dev.   0.0029  0.0009  0.0003  0.0005  0.0012  0.0001  0.0003

type283
  mean        0.0046       0       0  0.0003  0.0001       0       0
  std. dev.    0.058  0.0002  0.0225  0.0045  0.0012  0.0225  0.0225

type284
  mean        0.0001       0       0       0       0       0       0
  std. dev.   0.0018  0.0007  0.0007  0.0001  0.0007  0.0001  0.0007

type285
  mean        0.0003  0.0007       0  0.0027  0.0001  0.0015       0
  std. dev.   0.0055  0.0108  0.0103  0.0219  0.0018  0.0139  0.0103

type286
  mean        0.0002       0       0       0       0       0       0
  std. dev.   0.0021  0.0002  0.0001  0.0002  0.0005       0  0.0008

type287
  mean             0       0       0       0       0  0.0002  0.0001
  std. dev.   0.0002  0.0019  0.0019  0.0019  0.0019  0.0032   0.003

type288
  mean             0       0       0       0       0       0       0
  std. dev.   0.0001  0.0003  0.0001  0.0001  0.0001  0.0001  0.0001

type289
  mean        0.0015  0.0001  0.0001  0.0001  0.0006  0.0001       0
  std. dev.   0.0171  0.0008  0.0012  0.0006  0.0027  0.0007  0.0004

type290
  mean             0       0       0       0       0       0       0
  std. dev.        0       0       0       0       0       0       0

type291
  mean        0.0002       0       0       0  0.0011       0       0
  std. dev.    0.002  0.0003  0.0023  0.0001  0.0074  0.0004  0.0023

type292
  mean        0.0001  0.0005       0       0       0       0       0
  std. dev.   0.0015  0.0086  0.0035  0.0008  0.0035  0.0001  0.0035

type293
  mean             0       0       0       0       0       0       0
  std. dev.   0.0001  0.0001  0.0002  0.0002  0.0002  0.0002  0.0003

type294
  mean        0.0001       0       0       0       0       0       0
  std. dev.   0.0013  0.0005  0.0007  0.0005  0.0005  0.0005  0.0005

type295
  mean             0       0       0       0       0       0       0
  std. dev.   0.0001  0.0001  0.0001  0.0001  0.0002  0.0001  0.0001

type296
  mean        0.0004  0.0004       0       0  0.0001       0       0
  std. dev.   0.0066  0.0053  0.0033  0.0033   0.001  0.0001  0.0033

type297
  mean        0.0002       0       0       0  0.0001       0       0
  std. dev.    0.003  0.0013  0.0006  0.0013  0.0016  0.0013  0.0013

type298
  mean        0.0002       0       0       0       0       0       0
  std. dev.   0.0035  0.0014  0.0014  0.0014  0.0014  0.0014  0.0004

type299
  mean         0.001       0       0  0.0003       0  0.0003       0
  std. dev.    0.013  0.0058  0.0058  0.0046  0.0058   0.006  0.0058

type300
  mean             0       0       0       0       0       0       0
  std. dev.   0.0009  0.0003  0.0003  0.0003  0.0003  0.0003  0.0003

type301
  mean        0.0001  0.0151  0.0004       0  0.0096       0       0
  std. dev.   0.0019  0.0948  0.0067  0.0001  0.0608  0.0001  0.0426

type302
  mean        0.0001       0       0       0       0       0       0
  std. dev.   0.0011  0.0006  0.0002  0.0005  0.0005  0.0005  0.0005

type303
  mean             0       0       0       0  0.0001       0       0
  std. dev.   0.0005  0.0009  0.0001       0  0.0004  0.0004  0.0004

type304
  mean             0       0       0  0.0001  0.0002       0       0
  std. dev.    0.001   0.001   0.001  0.0017  0.0025   0.001  0.0006

type305
  mean             0       0       0       0       0       0       0
  std. dev.    0.001  0.0011  0.0006  0.0006  0.0006  0.0006  0.0006

type306
  mean        0.0001       0       0  0.0001  0.0015       0       0
  std. dev.   0.0014  0.0049  0.0049  0.0008  0.0171  0.0049  0.0049

type307
  mean             0       0       0       0       0       0       0
  std. dev.   0.0001  0.0002  0.0005  0.0002  0.0002  0.0002  0.0002

type308
  mean         0.001  0.0003  0.0001       0  0.0017       0       0
  std. dev.   0.0126   0.003  0.0011  0.0001  0.0186  0.0001  0.0073

type309
  mean             0       0       0       0       0       0       0
  std. dev.   0.0003  0.0001  0.0001  0.0001  0.0001  0.0001  0.0001

type310
  mean        0.0002       0       0       0       0       0       0
  std. dev.   0.0014       0  0.0005  0.0003  0.0001  0.0005  0.0001

type311
  mean             0       0       0       0       0       0       0
  std. dev.   0.0002  0.0001  0.0001  0.0001  0.0002       0  0.0001

type312
  mean             0       0       0       0       0  0.0002       0
  std. dev.   0.0003  0.0013  0.0013  0.0007  0.0004  0.0033  0.0013

type313
  mean             0       0       0       0       0       0       0
  std. dev.   0.0001  0.0001       0  0.0001  0.0001       0       0

type314
  mean        0.0005       0       0       0       0       0       0
  std. dev.   0.0065  0.0025  0.0025  0.0025  0.0005  0.0001  0.0001

type315
  mean        0.0013       0  0.0001  0.0005       0  0.0001       0
  std. dev.   0.0281  0.0113  0.0018  0.0088  0.0005  0.0024  0.0113

type316
  mean        0.0002       0       0  0.0001       0  0.0001       0
  std. dev.   0.0033       0  0.0014  0.0012  0.0001  0.0011  0.0014

type317
  mean        0.0001       0       0       0  0.0005       0       0
  std. dev.   0.0008  0.0012  0.0001  0.0004   0.004       0  0.0012

type318
  mean        0.0002       0  0.0014       0  0.0009       0       0
  std. dev.   0.0029  0.0045  0.0121  0.0005  0.0076  0.0003  0.0004

type319
  mean        0.0011       0  0.0003  0.0002       0  0.0002  0.0001
  std. dev.   0.0231  0.0094  0.0046  0.0039  0.0007  0.0041  0.0029

type320
  mean             0       0       0       0       0  0.0005       0
  std. dev.    0.004   0.001   0.004   0.004   0.004  0.0101   0.004

type321
  mean        0.0003  0.0001  0.0023  0.0002  0.0002  0.0038       0
  std. dev.   0.0036  0.0029  0.0234  0.0023  0.0019  0.0417  0.0182

type322
  mean        0.0001  0.0003       0  0.0003       0  0.0002       0
  std. dev.   0.0012  0.0041       0  0.0029  0.0004  0.0025  0.0003

type323
  mean        0.0001       0       0       0       0       0       0
  std. dev.   0.0015  0.0006       0  0.0001  0.0003  0.0003  0.0006

type324
  mean             0       0       0       0  0.0002       0       0
  std. dev.   0.0003  0.0006       0       0   0.002  0.0006  0.0006

type325
  mean        0.0034       0       0       0  0.0002       0       0
  std. dev.    0.047  0.0002  0.0005  0.0182  0.0033  0.0182  0.0005

type326
  mean        0.0001       0       0  0.0002  0.0001       0       0
  std. dev.   0.0015  0.0008  0.0006  0.0024  0.0007  0.0001  0.0011

type327
  mean        0.0002       0       0       0       0       0       0
  std. dev.   0.0033  0.0005  0.0013  0.0003  0.0004       0  0.0001

type328
  mean             0       0       0       0       0       0       0
  std. dev.   0.0006  0.0007  0.0004  0.0004  0.0005  0.0004  0.0004

type329
  mean        0.0003       0       0       0  0.0003  0.0004       0
  std. dev.   0.0031  0.0029  0.0029  0.0029  0.0028  0.0064  0.0029

type330
  mean        0.0008       0       0       0  0.0006  0.0001       0
  std. dev.   0.0178  0.0075  0.0075  0.0075  0.0101  0.0013  0.0075

type331
  mean        0.0001       0       0       0       0       0       0
  std. dev.   0.0021  0.0002  0.0008  0.0003  0.0008  0.0008  0.0008

type332
  mean             0       0       0       0       0       0       0
  std. dev.   0.0006  0.0002  0.0002  0.0002  0.0002  0.0002  0.0002

type333
  mean        0.0001       0       0       0  0.0002       0       0
  std. dev.   0.0013  0.0007  0.0005  0.0007  0.0017  0.0007  0.0002

type334
  mean        0.0003       0  0.0002       0       0       0       0
  std. dev.   0.0045   0.002   0.003  0.0004  0.0004   0.002   0.002

type335
  mean             0       0       0       0       0       0       0
  std. dev.   0.0001       0  0.0002  0.0002  0.0007  0.0002  0.0002

type336
  mean        0.0003       0  0.0003       0  0.0001       0       0
  std. dev.   0.0053  0.0001  0.0052  0.0002   0.001  0.0001  0.0026

type337
  mean             0       0       0       0       0       0       0
  std. dev.   0.0001       0       0       0       0       0       0

type338
  mean             0       0       0       0       0       0       0
  std. dev.   0.0003  0.0001  0.0001  0.0002  0.0001  0.0001  0.0001

type339
  mean             0       0       0       0       0       0       0
  std. dev.   0.0004  0.0002  0.0002  0.0002  0.0002  0.0001  0.0002

type340
  mean             0       0  0.0001       0       0       0   0.004
  std. dev.   0.0314  0.0314   0.001  0.0314  0.0314  0.0314  0.0632

type341
  mean             0       0       0       0       0       0       0
  std. dev.   0.0002  0.0001  0.0001  0.0001  0.0001  0.0001  0.0001

type342
  mean        0.0026       0       0       0       0  0.0005       0
  std. dev.   0.0286  0.0001   0.012   0.012   0.012  0.0117   0.012

type343
  mean             0       0       0       0       0       0       0
  std. dev.        0       0  0.0001       0       0       0       0

type344
  mean        0.0001       0       0       0       0       0       0
  std. dev.   0.0017  0.0007  0.0001  0.0007  0.0005       0  0.0007

type345
  mean        0.0022  0.0001       0       0       0  0.0002       0
  std. dev.   0.0235  0.0026  0.0094       0  0.0005  0.0048  0.0094

type346
  mean        0.0002       0       0       0       0       0       0
  std. dev.   0.0033  0.0013  0.0013  0.0013  0.0013  0.0013  0.0013

type347
  mean             0       0       0       0       0       0       0
  std. dev.   0.0002  0.0002  0.0002  0.0005  0.0002  0.0002  0.0002

type348
  mean        0.0001       0       0       0       0       0       0
  std. dev.   0.0027  0.0011  0.0011  0.0011  0.0011  0.0011  0.0011

type349
  mean        0.0008       0       0       0       0       0       0
  std. dev.   0.0168  0.0065  0.0065  0.0065  0.0065  0.0065  0.0065

type350
  mean             0       0       0       0       0       0       0
  std. dev.   0.0009  0.0004  0.0004  0.0003  0.0004  0.0004  0.0004

type351
  mean             0       0       0  0.0001       0       0       0
  std. dev.        0  0.0005  0.0005  0.0014  0.0005  0.0001  0.0005

type352
  mean        0.0002       0       0       0       0       0       0
  std. dev.   0.0032  0.0012  0.0012  0.0012  0.0012  0.0012  0.0012

type353
  mean        0.0002       0  0.0001       0       0       0       0
  std. dev.   0.0022  0.0002  0.0014  0.0001  0.0003   0.001  0.0003

type354
  mean        0.0005       0       0       0       0       0       0
  std. dev.   0.0114  0.0044  0.0044  0.0044  0.0044  0.0044  0.0044

type355
  mean             0       0       0       0       0       0  0.0002
  std. dev.   0.0027  0.0027  0.0027  0.0027  0.0027  0.0027  0.0055

type356
  mean        0.0001       0       0       0       0       0       0
  std. dev.   0.0018  0.0008  0.0008       0  0.0005  0.0008  0.0008

type357
  mean             0       0       0       0       0       0       0
  std. dev.        0       0       0  0.0001       0       0       0

type358
  mean        0.0001  0.0008       0  0.0001       0       0  0.0002
  std. dev.   0.0009  0.0157  0.0066  0.0009  0.0008  0.0004  0.0034

type359
  mean        0.0015       0  0.0019       0  0.0001       0       0
  std. dev.   0.0312  0.0138  0.0216       0   0.001  0.0001  0.0138

type360
  mean        0.0046       0  0.0066       0       0  0.0008       0
  std. dev.   0.0322  0.0001  0.0544  0.0216  0.0216  0.0113  0.0003

type361
  mean        0.0017       0       0       0  0.0021  0.0008       0
  std. dev.   0.0256  0.0124  0.0124       0  0.0211  0.0109  0.0013

type362
  mean             0       0  0.0004       0       0       0       0
  std. dev.   0.0006  0.0007  0.0058  0.0001  0.0007  0.0019  0.0004

type363
  mean        0.0001       0       0       0       0  0.0001       0
  std. dev.   0.0023   0.001   0.001   0.001   0.001  0.0011   0.001

type364
  mean        0.0008       0       0       0       0       0       0
  std. dev.   0.0171  0.0066  0.0066  0.0066  0.0066  0.0066  0.0066

type365
  mean             0       0       0       0       0       0       0
  std. dev.   0.0006  0.0002  0.0002  0.0001  0.0002  0.0002  0.0002

type366
  mean             0       0       0       0       0       0       0
  std. dev.        0  0.0003  0.0003  0.0003  0.0001  0.0001  0.0006

type367
  mean        0.0007       0  0.0001       0       0       0       0
  std. dev.   0.0137  0.0053  0.0015  0.0053  0.0053  0.0002  0.0053

type368
  mean             0       0       0       0       0       0       0
  std. dev.   0.0003  0.0002  0.0002  0.0002  0.0005  0.0002  0.0002

type369
  mean        0.0001       0       0       0       0       0       0
  std. dev.   0.0013  0.0005  0.0001  0.0005  0.0005  0.0005  0.0005

type370
  mean             0       0       0       0  0.0001       0       0
  std. dev.   0.0001  0.0004  0.0004  0.0003  0.0014  0.0004  0.0004

type371
  mean        0.0002       0       0       0       0       0       0
  std. dev.   0.0028  0.0011  0.0002  0.0001  0.0011  0.0011  0.0011

type372
  mean        0.0002       0       0       0       0       0       0
  std. dev.   0.0036  0.0014  0.0014  0.0014  0.0014  0.0006  0.0014

type373
  mean             0       0       0       0       0       0       0
  std. dev.        0       0       0       0       0       0       0

type374
  mean        0.0012       0       0       0       0       0       0
  std. dev.   0.0246  0.0001  0.0095  0.0004  0.0004  0.0095  0.0001

type375
  mean             0  0.0002       0       0       0       0       0
  std. dev.   0.0003  0.0022  0.0009  0.0002  0.0009  0.0009  0.0009

type376
  mean        0.0002  0.0004       0       0       0       0       0
  std. dev.   0.0014  0.0053  0.0023       0  0.0002  0.0006  0.0003

type377
  mean             0  0.0001       0       0  0.0003       0  0.0004
  std. dev.   0.0004  0.0009  0.0033  0.0002   0.005  0.0033   0.006

type378
  mean        0.0015  0.0003       0       0       0  0.0001       0
  std. dev.   0.0309  0.0063  0.0122  0.0003  0.0122  0.0011  0.0122

type379
  mean        0.0001       0       0  0.0001       0       0       0
  std. dev.   0.0005  0.0001  0.0003  0.0008  0.0004  0.0001  0.0003

type380
  mean             0       0       0       0       0       0       0
  std. dev.   0.0001       0       0       0       0       0       0

type381
  mean        0.0001       0       0       0       0       0       0
  std. dev.   0.0006  0.0002  0.0002  0.0002       0  0.0002  0.0002

type382
  mean             0       0       0       0       0       0       0
  std. dev.        0  0.0001       0       0       0       0       0

type383
  mean             0       0       0       0       0       0       0
  std. dev.   0.0002  0.0001  0.0001  0.0001  0.0001  0.0001  0.0001

type384
  mean        0.0001       0       0       0       0       0       0
  std. dev.   0.0006  0.0002  0.0002  0.0002  0.0002  0.0002  0.0002

type385
  mean        0.0016  0.0002       0       0       0       0       0
  std. dev.   0.0136  0.0033  0.0054  0.0054  0.0054  0.0054  0.0054

type386
  mean             0       0       0       0       0       0       0
  std. dev.   0.0006  0.0002  0.0002  0.0002  0.0002  0.0002  0.0002

type387
  mean             0       0       0       0       0       0       0
  std. dev.   0.0002  0.0001  0.0001  0.0001  0.0001  0.0001  0.0001

type388
  mean        0.0001       0       0       0       0       0       0
  std. dev.   0.0019  0.0007  0.0007  0.0007  0.0007  0.0007  0.0007

type389
  mean             0       0       0       0       0       0       0
  std. dev.   0.0001       0       0       0       0       0       0

type390
  mean             0       0       0       0       0       0       0
  std. dev.   0.0001       0       0       0       0       0       0

type391
  mean        0.0006  0.0001       0       0       0       0       0
  std. dev.   0.0119  0.0022  0.0006  0.0047  0.0047  0.0047  0.0007

type392
  mean        0.0002       0  0.0001  0.0001       0       0       0
  std. dev.   0.0019   0.001  0.0017  0.0009   0.001   0.001       0

type393
  mean             0       0       0       0       0       0       0
  std. dev.   0.0003  0.0001  0.0001  0.0001  0.0001  0.0001  0.0001

type394
  mean             0       0       0       0       0       0       0
  std. dev.   0.0003  0.0001  0.0001  0.0001  0.0001  0.0001  0.0001

type395
  mean        0.0004       0  0.0001       0       0       0       0
  std. dev.   0.0064  0.0025  0.0009  0.0025  0.0007  0.0025  0.0025

type396
  mean             0       0       0       0       0       0       0
  std. dev.   0.0003  0.0001  0.0001  0.0001  0.0001  0.0001  0.0001

type397
  mean        0.0001       0       0       0       0       0       0
  std. dev.    0.002  0.0008  0.0008  0.0008  0.0008  0.0008  0.0008

type398
  mean        0.0014       0       0       0       0       0  0.0001
  std. dev.   0.0282   0.011   0.011   0.011   0.011   0.011  0.0028

type399
  mean        0.0002       0       0       0  0.0002  0.0003       0
  std. dev.   0.0026  0.0001  0.0018  0.0018  0.0019  0.0034  0.0018

type400
  mean             0       0       0       0       0       0       0
  std. dev.   0.0003  0.0002  0.0002  0.0004  0.0001  0.0001  0.0002

type401
  mean             0       0       0       0       0       0       0
  std. dev.        0       0  0.0001       0       0       0       0

type402
  mean        0.0002       0       0       0       0       0       0
  std. dev.   0.0032  0.0012  0.0012  0.0012  0.0012  0.0012  0.0012

type403
  mean        0.0004       0       0       0       0       0       0
  std. dev.   0.0045  0.0018       0  0.0018  0.0018  0.0001  0.0018

type404
  mean        0.0001       0       0       0       0       0       0
  std. dev.   0.0022  0.0009  0.0009  0.0009  0.0009  0.0005  0.0009

type405
  mean        0.0001       0       0       0       0       0       0
  std. dev.   0.0011  0.0004  0.0004  0.0001  0.0004  0.0003  0.0004

type406
  mean             0       0       0       0       0       0       0
  std. dev.   0.0006  0.0002  0.0002  0.0002  0.0001  0.0002  0.0002

type407
  mean        0.0018       0       0       0       0       0       0
  std. dev.   0.0373  0.0144  0.0144  0.0144  0.0144  0.0144  0.0144

type408
  mean        0.0001       0       0       0       0       0       0
  std. dev.   0.0012  0.0005  0.0005  0.0005  0.0005  0.0005  0.0005

type409
  mean             0       0       0       0       0       0       0
  std. dev.   0.0001       0       0       0       0       0       0

type410
  mean        0.0001       0       0       0       0       0       0
  std. dev.   0.0026   0.001   0.001   0.001   0.001   0.001   0.001

type411
  mean             0       0       0       0       0       0       0
  std. dev.   0.0007  0.0003  0.0003  0.0003  0.0003  0.0003  0.0003

type412
  mean             0  0.0002       0       0       0       0       0
  std. dev.   0.0003  0.0042  0.0006  0.0017  0.0017  0.0017       0

type413
  mean        0.0001       0       0       0       0       0       0
  std. dev.   0.0017  0.0006  0.0006  0.0006  0.0006  0.0006  0.0006

type414
  mean        0.0002       0       0       0       0       0       0
  std. dev.   0.0042  0.0016  0.0016  0.0016  0.0016  0.0007  0.0016

type415
  mean        0.0006       0       0       0       0       0       0
  std. dev.   0.0067  0.0026  0.0001  0.0026  0.0004  0.0026  0.0026

type416
  mean             0       0       0       0       0       0       0
  std. dev.        0  0.0001  0.0001  0.0001  0.0001  0.0003  0.0001

type417
  mean             0       0       0       0       0       0       0
  std. dev.   0.0002  0.0001  0.0001  0.0001  0.0001  0.0001  0.0001

type418
  mean        0.0001       0       0       0       0       0       0
  std. dev.   0.0014  0.0002  0.0005  0.0005  0.0003  0.0005  0.0005

type419
  mean        0.0012       0       0       0       0       0       0
  std. dev.   0.0216  0.0084  0.0084  0.0084  0.0084  0.0084  0.0084

type420
  mean             0       0  0.0003       0       0       0  0.0001
  std. dev.   0.0001  0.0019  0.0046  0.0019  0.0019  0.0019  0.0025

type421
  mean        0.0003       0       0  0.0003  0.0001       0       0
  std. dev.   0.0032  0.0003  0.0001  0.0023  0.0007  0.0005  0.0015

type422
  mean             0       0       0       0       0       0       0
  std. dev.   0.0007  0.0003  0.0003  0.0003  0.0003  0.0003  0.0003

type423
  mean        0.0017       0       0       0  0.0004       0  0.0001
  std. dev.   0.0369  0.0145  0.0145  0.0145  0.0061  0.0145  0.0041

type424
  mean             0       0       0  0.0001       0       0  0.0001
  std. dev.   0.0002  0.0011  0.0011  0.0019  0.0011  0.0011  0.0019

type425
  mean        0.0001       0       0       0       0       0       0
  std. dev.   0.0018  0.0001  0.0007  0.0007  0.0007  0.0007  0.0007

type426
  mean             0       0       0       0       0       0       0
  std. dev.   0.0001  0.0001  0.0001  0.0001  0.0003  0.0001  0.0001

type427
  mean        0.0009       0  0.0016  0.0005       0       0       0
  std. dev.   0.0191  0.0091  0.0146  0.0079  0.0091   0.001  0.0091

type428
  mean             0       0       0       0       0       0       0
  std. dev.   0.0001       0       0       0       0       0       0

type429
  mean             0       0       0       0       0       0       0
  std. dev.   0.0004  0.0005  0.0003  0.0003  0.0001  0.0003  0.0003

type430
  mean             0       0       0       0       0  0.0002       0
  std. dev.   0.0002   0.001  0.0006  0.0013  0.0013   0.003  0.0013

type431
  mean             0       0       0       0       0       0       0
  std. dev.        0       0       0       0       0       0       0

type432
  mean             0       0       0       0       0       0       0
  std. dev.   0.0001  0.0003  0.0001  0.0001  0.0001  0.0001  0.0001

type433
  mean        0.0006       0       0       0       0       0       0
  std. dev.   0.0117  0.0045  0.0045  0.0045  0.0006  0.0045  0.0045

type434
  mean        0.0003       0  0.0001  0.0045       0       0       0
  std. dev.   0.0049  0.0181  0.0012  0.0548  0.0181  0.0001  0.0181

type435
  mean        0.0003       0       0       0       0       0       0
  std. dev.   0.0055  0.0021  0.0021  0.0021  0.0021  0.0002  0.0021

type436
  mean             0       0       0       0       0       0       0
  std. dev.   0.0007  0.0003  0.0003  0.0003       0  0.0003  0.0003

type437
  mean        0.0001       0       0       0       0       0       0
  std. dev.   0.0015  0.0006  0.0006  0.0006  0.0006  0.0006  0.0006

type438
  mean        0.0002       0       0       0       0       0       0
  std. dev.   0.0018  0.0007  0.0007  0.0007  0.0007  0.0007  0.0001

type439
  mean        0.0012       0       0  0.0004       0       0       0
  std. dev.   0.0257  0.0102  0.0102  0.0074       0  0.0102  0.0102

type440
  mean             0       0       0       0       0       0       0
  std. dev.   0.0003  0.0001  0.0001  0.0001  0.0001  0.0002  0.0001

type441
  mean        0.0001       0       0       0       0       0       0
  std. dev.   0.0008  0.0003  0.0003  0.0003  0.0003  0.0003  0.0003

type442
  mean             0       0       0       0       0       0       0
  std. dev.   0.0007  0.0003  0.0003  0.0003  0.0003  0.0002  0.0003

type443
  mean        0.0006       0       0       0       0       0       0
  std. dev.   0.0128  0.0049  0.0049  0.0049  0.0049  0.0049  0.0049

type444
  mean             0       0       0       0       0       0       0
  std. dev.   0.0002  0.0004  0.0002  0.0002  0.0002  0.0001  0.0002

type445
  mean             0       0       0       0       0       0       0
  std. dev.        0       0  0.0001       0       0       0       0

type446
  mean             0       0       0       0       0       0       0
  std. dev.   0.0001  0.0001  0.0001  0.0001  0.0001  0.0001  0.0001

type447
  mean             0  0.0002       0       0       0       0       0
  std. dev.   0.0018  0.0044  0.0018  0.0018  0.0018  0.0018  0.0018

type448
  mean        0.0009       0       0       0       0  0.0006       0
  std. dev.   0.0197  0.0093  0.0093  0.0093  0.0093  0.0135  0.0093

type449
  mean             0       0       0       0       0       0       0
  std. dev.   0.0001       0       0       0       0       0       0

type450
  mean             0       0       0       0  0.0005       0       0
  std. dev.   0.0005  0.0019  0.0019  0.0019  0.0067  0.0019  0.0019

type451
  mean             0       0       0       0       0       0       0
  std. dev.   0.0001       0       0       0       0       0       0

type452
  mean             0       0       0       0       0       0       0
  std. dev.        0       0       0       0       0       0       0

type453
  mean             0       0       0       0       0       0       0
  std. dev.   0.0001  0.0002  0.0001  0.0001  0.0001  0.0001  0.0001

type454
  mean             0       0       0       0       0       0       0
  std. dev.   0.0001  0.0001  0.0001  0.0001  0.0001  0.0003  0.0001

type455
  mean        0.0005       0       0       0       0       0       0
  std. dev.    0.011  0.0042  0.0042  0.0042  0.0042  0.0042  0.0042

type456
  mean        0.0007       0       0       0       0       0       0
  std. dev.   0.0147  0.0057  0.0057  0.0057  0.0057  0.0057  0.0057

type457
  mean        0.0005       0       0       0       0       0       0
  std. dev.   0.0069  0.0027  0.0027  0.0027  0.0027  0.0027  0.0027

type458
  mean             0       0       0       0       0       0       0
  std. dev.   0.0004  0.0002  0.0002  0.0002  0.0002  0.0002  0.0002

type459
  mean             0  0.0009       0       0       0       0       0
  std. dev.   0.0057  0.0141  0.0057  0.0057  0.0057  0.0057  0.0057

type460
  mean        0.0002       0       0       0       0       0       0
  std. dev.   0.0051   0.002   0.002   0.002   0.002   0.002   0.002

type461
  mean        0.0003       0       0       0       0       0       0
  std. dev.   0.0042  0.0016  0.0016  0.0016  0.0016  0.0016  0.0016

type462
  mean             0       0       0       0       0       0       0
  std. dev.   0.0003  0.0001  0.0001  0.0001  0.0001  0.0001  0.0001

type463
  mean             0       0       0  0.0001       0       0       0
  std. dev.   0.0001  0.0006  0.0006  0.0019  0.0006  0.0006  0.0006

type464
  mean        0.0004       0       0       0       0       0       0
  std. dev.   0.0085  0.0033  0.0033  0.0033  0.0033  0.0033  0.0033

type465
  mean             0       0       0       0       0       0       0
  std. dev.   0.0003  0.0003  0.0003  0.0003  0.0003  0.0003  0.0006

type466
  mean        0.0002       0  0.0001       0  0.0001       0       0
  std. dev.   0.0032  0.0002  0.0017  0.0014  0.0011  0.0014  0.0001

type467
  mean             0       0       0       0       0       0       0
  std. dev.   0.0002  0.0002  0.0002  0.0002  0.0008  0.0002  0.0002

type468
  mean             0       0       0       0       0       0       0
  std. dev.   0.0009  0.0003  0.0003  0.0003  0.0003  0.0003  0.0003

type469
  mean             0       0       0       0       0       0       0
  std. dev.   0.0002  0.0001  0.0001  0.0001  0.0002  0.0001  0.0001

type470
  mean             0       0       0       0       0       0       0
  std. dev.   0.0006  0.0002  0.0002  0.0002  0.0002  0.0002  0.0002

type471
  mean             0       0       0       0       0       0       0
  std. dev.        0  0.0006  0.0002  0.0003  0.0001  0.0003  0.0003

type472
  mean        0.0001       0       0       0  0.0001       0       0
  std. dev.   0.0021   0.001   0.001  0.0003  0.0017  0.0007   0.001

type473
  mean             0       0       0       0       0       0       0
  std. dev.   0.0002  0.0005  0.0002  0.0002  0.0002  0.0002  0.0002

type474
  mean             0       0       0       0       0       0       0
  std. dev.   0.0002  0.0002  0.0007  0.0002  0.0002  0.0002  0.0002

type475
  mean        0.0006       0       0  0.0002       0       0       0
  std. dev.   0.0097  0.0039  0.0039  0.0027  0.0039  0.0039  0.0039

type476
  mean        0.0004       0       0       0       0       0       0
  std. dev.   0.0089  0.0034  0.0034  0.0034  0.0034  0.0034  0.0034

type477
  mean             0       0       0       0       0       0       0
  std. dev.   0.0003  0.0001  0.0001  0.0001  0.0001  0.0001  0.0001

type478
  mean             0       0       0       0       0       0       0
  std. dev.   0.0001       0       0       0       0       0       0

type479
  mean             0       0       0       0       0       0       0
  std. dev.   0.0005  0.0002  0.0002  0.0002  0.0002  0.0002  0.0002

type480
  mean             0       0       0       0       0       0       0
  std. dev.   0.0003  0.0001  0.0001  0.0001  0.0001  0.0001  0.0001

type481
  mean        0.0002       0       0       0       0       0       0
  std. dev.    0.003  0.0011  0.0011  0.0011  0.0011  0.0011  0.0011

type482
  mean             0       0       0       0       0       0       0
  std. dev.   0.0002  0.0001  0.0001  0.0001  0.0001  0.0001  0.0001

type483
  mean             0       0       0       0       0       0       0
  std. dev.   0.0006  0.0002  0.0002  0.0002  0.0002  0.0002  0.0002

type484
  mean        0.0001       0       0       0       0       0       0
  std. dev.   0.0031  0.0012  0.0012  0.0012  0.0012  0.0012  0.0012

type485
  mean             0       0       0       0       0       0       0
  std. dev.   0.0002  0.0001  0.0001  0.0001  0.0001  0.0001  0.0001

type486
  mean             0       0       0       0       0       0       0
  std. dev.        0       0       0       0       0       0       0

type487
  mean             0       0       0       0       0       0       0
  std. dev.   0.0001       0       0       0       0       0       0

type488
  mean             0       0       0       0       0       0       0
  std. dev.   0.0002  0.0001  0.0001  0.0001  0.0001  0.0001  0.0001

type489
  mean             0       0       0       0       0       0       0
  std. dev.   0.0004  0.0002  0.0002  0.0001  0.0002  0.0002  0.0002

type490
  mean             0       0       0       0       0       0       0
  std. dev.   0.0004  0.0002  0.0002  0.0002  0.0002  0.0002  0.0002

type491
  mean             0       0       0       0       0       0       0
  std. dev.   0.0003  0.0003  0.0003  0.0003  0.0003  0.0008  0.0003

type492
  mean        0.0005       0       0       0       0       0       0
  std. dev.   0.0109  0.0042  0.0042  0.0042  0.0042  0.0042  0.0042

type493
  mean             0       0       0       0       0       0       0
  std. dev.        0       0       0       0       0       0       0

type494
  mean             0       0       0       0       0       0       0
  std. dev.   0.0001       0       0       0       0       0       0

type495
  mean             0       0       0       0       0       0       0
  std. dev.   0.0004  0.0002  0.0002  0.0002  0.0002  0.0002  0.0002

type496
  mean             0       0       0       0       0       0       0
  std. dev.   0.0005  0.0002  0.0002  0.0002  0.0002  0.0002  0.0002

type497
  mean             0       0       0       0       0       0       0
  std. dev.        0       0       0       0       0       0       0

type498
  mean             0       0       0       0       0       0       0
  std. dev.   0.0002  0.0001  0.0001  0.0001  0.0001  0.0001  0.0001

type499
  mean        0.0001       0       0       0       0       0       0
  std. dev.   0.0026   0.001   0.001   0.001   0.001   0.001   0.001

type500
  mean             0       0       0       0       0       0       0
  std. dev.   0.0003  0.0001  0.0001  0.0001  0.0001  0.0001  0.0001

type501
  mean             0       0       0       0       0       0       0
  std. dev.   0.0001  0.0001  0.0001  0.0001  0.0001  0.0001  0.0002

type502
  mean             0       0       0       0       0       0       0
  std. dev.   0.0001       0       0       0       0       0       0

type503
  mean             0       0       0  0.0002       0       0       0
  std. dev.   0.0014  0.0014  0.0014  0.0041  0.0014  0.0014  0.0014

type504
  mean             0       0       0       0       0       0       0
  std. dev.    0.001  0.0004  0.0004  0.0004  0.0004  0.0004  0.0004

type505
  mean        0.0006       0       0       0       0       0       0
  std. dev.   0.0118  0.0046  0.0046  0.0046  0.0046  0.0046  0.0046

type506
  mean        0.0001       0       0       0       0       0       0
  std. dev.   0.0015  0.0006  0.0006  0.0006  0.0004  0.0006  0.0006

type507
  mean             0       0       0       0       0       0       0
  std. dev.   0.0004  0.0004  0.0004  0.0004  0.0004  0.0004  0.0009

type508
  mean             0       0       0       0       0       0       0
  std. dev.   0.0001       0       0       0       0       0       0

type509
  mean             0       0       0       0       0       0       0
  std. dev.    0.001  0.0004  0.0004  0.0004  0.0004  0.0004  0.0004

type510
  mean             0       0       0       0       0       0       0
  std. dev.        0       0       0       0       0       0       0

type511
  mean             0       0       0       0       0       0       0
  std. dev.   0.0001       0       0       0       0       0       0

type512
  mean             0       0       0       0       0       0       0
  std. dev.   0.0001       0       0       0       0       0       0

type513
  mean             0       0       0       0       0       0       0
  std. dev.        0       0       0       0       0       0       0

type514
  mean             0       0       0       0       0       0       0
  std. dev.        0       0       0       0       0       0       0

type515
  mean        0.0003       0       0       0       0       0       0
  std. dev.   0.0056  0.0022  0.0022  0.0022  0.0022  0.0022  0.0022

type516
  mean             0       0       0       0       0       0       0
  std. dev.   0.0001  0.0001  0.0001  0.0001  0.0003  0.0001  0.0001

type517
  mean             0       0       0       0       0       0       0
  std. dev.   0.0004  0.0001  0.0001  0.0001  0.0001  0.0001  0.0001

Clustered Instances

0       427 ( 14%)
1       323 ( 11%)
2       413 ( 14%)
3       409 ( 13%)
4       258 (  8%)
5       820 ( 27%)
6       390 ( 13%)


Log likelihood: 2918.01232
